# Visual Landmark Dataset V1
# ImageFile, Camera Position [X Y Z W P Q R]
FileName X Y Z W P Q R
2017-11-08/IMG_4576.JPG 35.856160 1.589715 -146.002200 0.695480 -0.056560 -0.711962 0.078856
2017-11-08/IMG_4581.JPG 36.354010 1.572480 -153.543100 0.710603 -0.039072 -0.699983 0.059510
2017-11-08/IMG_4582.JPG 36.375400 1.543826 -154.608500 0.743095 -0.055916 -0.664040 0.061108
2017-11-08/IMG_4583.JPG 36.298010 1.498293 -155.913000 0.730169 -0.068637 -0.676534 0.066661
2017-11-08/IMG_4584.JPG 36.118630 1.559769 -156.826000 0.741739 -0.039490 -0.666692 0.061527
2017-11-08/IMG_4585.JPG 35.770660 1.603194 -157.915700 0.752373 -0.058992 -0.651748 0.075364
2017-11-08/IMG_4580.JPG 36.359450 1.586820 -152.297400 0.726599 -0.048114 -0.680186 0.084186
2017-11-08/IMG_4577.JPG 35.891540 1.594395 -147.184500 0.709201 -0.038506 -0.699011 0.083278
2017-11-08/IMG_4578.JPG 35.770260 1.608721 -148.572700 0.671836 -0.053639 -0.734986 0.074532
2017-11-08/IMG_4575.JPG 35.918330 1.539945 -144.370000 0.676146 -0.066599 -0.727993 0.091746
2017-11-08/IMG_4574.JPG 35.790740 1.601538 -143.257700 0.661315 -0.078713 -0.741506 0.081457
2017-11-08/IMG_4586.JPG 35.588570 1.604772 -159.315200 0.752782 -0.059695 -0.652554 0.062685
2017-11-08/IMG_4587.JPG 35.344610 1.667958 -160.440900 0.771799 -0.047043 -0.629690 0.074855
2017-11-08/IMG_4588.JPG 35.130230 1.721000 -161.486500 0.792045 -0.033326 -0.605915 0.066496
2017-11-08/IMG_4573.JPG 35.784710 1.656851 -141.755700 0.643067 -0.045132 -0.760730 0.075616
2017-11-08/IMG_4572.JPG 35.783650 1.557518 -140.496700 0.671920 -0.073266 -0.731227 0.091991
2017-11-08/IMG_4571.JPG 35.513030 1.569736 -138.972200 0.653632 -0.075657 -0.748003 0.086790
2017-11-08/IMG_4570.JPG 35.235600 1.555844 -138.166600 0.651992 -0.061058 -0.750244 0.091171
2017-11-08/IMG_4569.JPG 35.443950 1.610000 -136.179500 0.648916 -0.056393 -0.755498 0.070358
2017-11-08/IMG_4568.JPG 35.689770 1.526479 -135.145400 0.599870 -0.067154 -0.794854 0.062071
2017-11-08/IMG_4567.JPG 35.296070 1.673397 -133.933500 0.613272 -0.056516 -0.783860 0.079169
2017-11-08/IMG_4590.JPG 34.737400 1.696554 -163.590100 0.808095 -0.030597 -0.583879 0.071638
2017-11-08/IMG_4591.JPG 34.515690 1.724982 -164.687800 0.801582 -0.041865 -0.588752 0.095313
2017-11-08/IMG_4592.JPG 34.506780 1.673701 -165.777700 0.808379 -0.030988 -0.581268 0.087697
2017-11-08/IMG_4593.JPG 34.519550 1.588349 -166.858400 0.810561 -0.029898 -0.582438 0.053515
2017-11-08/IMG_4594.JPG 34.483620 1.680439 -167.999600 0.842937 -0.029135 -0.534239 0.056552
2017-11-08/IMG_4595.JPG 34.470830 1.756615 -169.069800 0.844475 -0.037565 -0.531570 0.053706
2017-11-08/IMG_4596.JPG 34.553860 1.684818 -170.347100 0.835328 -0.027612 -0.545879 0.058991
2017-11-08/IMG_4597.JPG 34.876920 1.653052 -171.312500 0.830453 -0.024358 -0.554748 0.044825
2017-11-08/IMG_4598.JPG 35.119980 1.627873 -172.510800 0.849943 -0.017522 -0.525900 0.026817
2017-11-08/IMG_4599.JPG 35.063500 1.712713 -173.644200 0.841072 -0.014117 -0.539157 0.041341
2017-11-08/IMG_4600.JPG 35.036850 1.629430 -174.759800 0.842372 0.000287 -0.536752 0.048032
2017-11-08/IMG_4601.JPG 35.154450 1.750387 -175.896800 0.868322 0.006383 -0.494052 0.043471
2017-11-08/IMG_4602.JPG 35.105660 1.720227 -176.957900 0.855341 0.010402 -0.516077 0.044150
2017-11-08/IMG_4603.JPG 34.921850 1.703391 -178.033400 0.862872 0.016168 -0.503904 0.035671
2017-11-08/IMG_4604.JPG 35.020180 1.717836 -179.178000 0.871646 0.035437 -0.487878 0.030862
2017-11-08/IMG_4605.JPG 35.166230 1.766259 -180.245200 0.873173 0.022015 -0.485777 0.033245
2017-11-08/IMG_4589.JPG 34.829770 1.441031 -162.522000 0.790768 -0.041047 -0.605902 0.076714
2017-11-08/IMG_4606.JPG 35.070980 1.666292 -181.606800 0.873727 -0.027700 -0.483935 0.040499
2017-11-08/IMG_4607.JPG 35.086120 1.736085 -182.551500 0.892973 -0.016103 -0.446508 0.054509
2017-11-08/IMG_4608.JPG 35.076970 1.699193 -183.644800 0.879120 -0.066043 -0.467393 0.065809
2017-11-08/IMG_4609.JPG 34.950790 1.722867 -184.537700 0.868988 -0.042779 -0.489856 0.055421
2017-11-08/IMG_4610.JPG 35.213990 1.744856 -185.663800 0.896362 -0.036295 -0.438131 0.057097
2017-11-08/IMG_4611.JPG 35.192330 1.686055 -186.667300 0.878114 -0.044324 -0.474549 0.041898
2017-11-08/IMG_4612.JPG 34.331890 1.739464 -187.982100 0.882908 -0.053941 -0.464322 0.044372
2017-11-08/IMG_4566.JPG 34.874120 1.438316 -132.879200 0.630951 -0.062248 -0.769254 0.079212
2017-11-08/IMG_4565.JPG 34.545880 1.677248 -131.632500 0.632147 -0.070462 -0.767649 0.078363
2017-11-08/IMG_4564.JPG 33.966910 1.532872 -130.441100 0.637538 -0.074094 -0.763164 0.075073
2017-11-08/IMG_4563.JPG 33.651680 1.598509 -129.164600 0.622970 -0.075405 -0.774257 0.082150
2017-11-08/IMG_4562.JPG 33.310680 1.702743 -127.920700 0.616223 -0.085147 -0.776600 0.099558
2017-11-08/IMG_4561.JPG 33.256050 1.709362 -126.889800 0.635048 -0.095061 -0.759432 0.104600
2017-11-08/IMG_4559.JPG 33.267970 1.689504 -124.612500 0.608834 -0.078318 -0.783317 0.097990
2017-11-08/IMG_4558.JPG 33.251850 1.666860 -123.364100 0.607087 -0.073368 -0.789418 0.053688
2017-11-08/IMG_4557.JPG 33.216380 1.684245 -122.374000 0.623974 -0.077093 -0.776005 0.050286
2017-11-08/IMG_4560.JPG 33.189700 1.837674 -125.610900 0.622508 -0.111318 -0.762956 0.134128
2017-11-08/IMG_4556.JPG 33.339020 1.565410 -121.119200 0.596305 -0.079812 -0.796314 0.062725
2017-11-08/IMG_4554.JPG 33.208850 1.619259 -118.676800 0.502412 -0.064096 -0.856809 0.096707
2017-11-08/IMG_4553.JPG 33.059910 1.583154 -117.565800 0.654429 -0.037836 -0.754232 0.037748
2017-11-08/IMG_4550.JPG 32.911460 1.579213 -114.461100 0.569170 -0.040975 -0.820959 0.019831
2017-11-08/IMG_4549.JPG 32.820720 1.589420 -113.336000 0.554850 -0.021384 -0.831223 0.027432
2017-11-08/IMG_4548.JPG 32.641730 1.596307 -112.192600 0.556104 -0.019971 -0.829852 0.041173
2017-11-08/IMG_4547.JPG 32.605000 1.612184 -111.019100 0.556381 -0.028806 -0.829889 0.029906
2017-11-08/IMG_4546.JPG 32.643170 1.603331 -109.921900 0.539396 -0.022186 -0.841294 0.028024
2017-11-08/IMG_4545.JPG 32.630910 1.621803 -108.854900 0.541955 -0.032618 -0.839613 0.016450
2017-11-08/IMG_4543.JPG 32.646420 1.626525 -106.742300 0.542743 -0.044558 -0.838259 0.027683
2017-11-08/IMG_4542.JPG 32.759850 1.619821 -105.674100 0.549995 -0.046992 -0.833421 0.026600
2017-11-08/IMG_4541.JPG 32.847340 1.614661 -104.458700 0.545239 -0.038860 -0.836543 0.037427
2017-11-08/IMG_4551.JPG 32.940170 1.570724 -115.288000 0.693743 -0.029866 -0.718285 0.043553
2017-11-08/IMG_4539.JPG 33.196300 1.592058 -102.447200 0.499031 -0.050875 -0.864647 0.027679
2017-11-08/IMG_4540.JPG 33.013890 1.588798 -103.563900 0.530760 -0.044623 -0.845777 0.031038
2017-11-08/IMG_4538.JPG 33.327530 1.582280 -101.274900 0.516336 -0.044203 -0.854454 0.036766
2017-11-08/IMG_4537.JPG 33.304450 1.570865 -100.224600 0.474052 -0.050176 -0.878428 0.033482
2017-11-08/IMG_4536.JPG 33.206490 1.573508 -99.169360 0.474583 -0.059357 -0.876780 0.050044
2017-11-08/IMG_4535.JPG 33.220030 1.579508 -98.100120 0.521490 -0.056901 -0.850137 0.045581
2017-11-08/IMG_4552.JPG 33.076130 1.574015 -116.382000 0.729803 -0.034054 -0.681419 0.043551
2017-11-08/IMG_4534.JPG 33.203740 1.531941 -97.549270 0.629866 -0.084528 -0.769984 0.056997
2017-11-08/IMG_4544.JPG 32.579770 1.621965 -107.856800 0.551173 -0.040060 -0.833133 0.022196
2017-11-08/IMG_4533.JPG 33.397850 1.610000 -95.703160 0.476274 -0.065765 -0.875119 0.054812
2017-11-08/IMG_4532.JPG 33.853630 1.635388 -91.525910 0.514967 -0.051237 -0.855675 0.002197
2017-11-08/IMG_4531.JPG 34.068810 1.606391 -90.411410 0.496934 -0.048659 -0.865680 0.035872
2017-11-08/IMG_4530.JPG 34.415920 1.599440 -89.457310 0.474676 -0.059958 -0.877827 0.022543
2017-11-08/IMG_4529.JPG 34.574560 1.545000 -88.349170 0.465820 -0.060138 -0.882423 0.026934
2017-11-08/IMG_4528.JPG 34.364980 1.634929 -87.082860 0.489618 -0.054978 -0.868790 0.049561
2017-11-08/IMG_4527.JPG 34.243070 1.595350 -85.104900 0.497838 -0.076740 -0.861319 0.066314
2017-11-08/IMG_4526.JPG 34.488720 1.627940 -84.075820 0.465845 -0.079793 -0.880977 0.022391
2017-11-08/IMG_4525.JPG 34.588070 1.576886 -82.786910 0.442490 -0.062023 -0.893967 0.034344
2017-11-08/IMG_4524.JPG 34.636060 1.562563 -81.590340 0.402746 -0.064456 -0.912513 0.031010
2017-11-08/IMG_4522.JPG 34.678280 1.565715 -79.104240 0.443772 -0.051759 -0.894248 0.026606
2017-11-08/IMG_4521.JPG 34.814740 1.540962 -78.007500 0.501332 -0.061271 -0.862596 0.028993
2017-11-08/IMG_4520.JPG 35.202420 1.589148 -76.687750 0.438188 -0.060957 -0.896135 0.034897
2017-11-08/IMG_4519.JPG 35.569570 1.546037 -75.209920 0.443232 -0.046711 -0.894268 0.040607
2017-11-08/IMG_4518.JPG 36.045980 1.607847 -73.727500 0.365073 -0.058411 -0.928808 0.025020
2017-11-08/IMG_4514.JPG 36.219910 1.601647 -68.352090 0.423103 -0.036288 -0.902552 0.071184
2017-11-08/IMG_4513.JPG 36.256840 1.622553 -67.060630 0.452402 -0.041493 -0.888845 0.059704
2017-11-08/IMG_4512.JPG 36.415820 1.610000 -64.604660 0.411100 -0.031606 -0.909978 0.044016
2017-11-08/IMG_4511.JPG 36.464260 1.592873 -63.628030 0.415627 -0.023515 -0.908322 0.040655
2017-11-08/IMG_4509.JPG 37.018330 1.627277 -61.967130 0.356228 -0.050952 -0.931093 0.059757
2017-11-08/IMG_4510.JPG 36.698530 1.541652 -62.712910 0.418069 -0.038383 -0.906314 0.048383
2017-11-08/IMG_4508.JPG 37.047700 1.725916 -61.575420 0.543563 -0.060704 -0.834628 0.065194
2017-11-08/IMG_4507.JPG 37.547890 1.686343 -60.640930 0.497888 -0.057941 -0.862206 0.073152
2017-11-08/IMG_4516.JPG 35.765450 1.676648 -71.191440 0.488298 -0.070331 -0.863570 0.104239
2017-11-08/IMG_4515.JPG 36.112640 1.616574 -69.559760 0.324819 -0.031127 -0.942546 0.071636
2017-11-08/IMG_4517.JPG 35.749570 1.619555 -72.434350 0.435982 -0.040904 -0.898315 0.035743
2017-11-08/IMG_4555.JPG 33.253880 1.674903 -120.069900 0.591287 -0.080733 -0.799718 0.065680
2017-11-08/IMG_4579.JPG 35.579190 1.646580 -150.607900 0.572848 -0.024250 -0.815684 0.076925
2017-11-08/IMG_4523.JPG 34.522420 1.536144 -80.441430 0.425407 -0.061903 -0.902697 0.018303
2018-07-10/IMG_20180710_192558.jpg 66.982220 -0.033526 -127.499900 0.323794 -0.197042 -0.913004 0.150851
2018-07-10/IMG_20180710_192601.jpg 67.077380 -0.000549 -131.262700 0.297546 -0.209826 -0.910568 0.195719
2018-07-10/IMG_20180710_192600.jpg 67.144180 -0.035261 -129.774800 0.271603 -0.205180 -0.927206 0.156278
2018-07-10/IMG_20180710_192559.jpg 67.023790 -0.034667 -128.618700 0.294355 -0.191401 -0.924922 0.145737
2018-07-10/IMG_20180710_192557.jpg 66.964050 -0.019153 -126.340000 0.308968 -0.180552 -0.922433 0.145112
2018-07-10/IMG_20180710_192556.jpg 66.954390 -0.024143 -125.177200 0.305368 -0.158897 -0.925816 0.156098
2018-07-10/IMG_20180710_192553.jpg 66.884670 -0.006512 -122.801700 0.295982 -0.159194 -0.931665 0.138031
2018-07-10/IMG_20180710_192552.jpg 66.848660 -0.026900 -121.619900 0.287570 -0.167227 -0.931528 0.146953
2018-07-10/IMG_20180710_192554.jpg 66.897740 -0.026091 -123.930300 0.318589 -0.123221 -0.930475 0.132420
2018-07-10/IMG_20180710_192551.jpg 66.846010 0.000000 -120.441800 0.240852 -0.142107 -0.952057 0.124030
2018-07-10/IMG_20180710_192549.jpg 66.761440 0.024830 -118.068300 0.307622 -0.142413 -0.928108 0.153956
2018-07-10/IMG_20180710_192550.jpg 66.775500 -0.010323 -119.228100 0.294934 -0.125863 -0.935456 0.148642
2018-07-10/IMG_20180710_192548.jpg 66.717700 -0.015238 -116.871800 0.311493 -0.130999 -0.927907 0.157484
2018-07-10/IMG_20180710_192546.jpg 66.802740 0.006565 -115.061100 0.333313 -0.143754 -0.921956 0.135036
2018-07-10/IMG_20180710_192545.jpg 66.729390 -0.007748 -113.907600 0.350569 -0.190365 -0.899087 0.180295
2018-07-10/IMG_20180710_192544.jpg 66.717680 -0.039529 -113.035200 0.345490 -0.200995 -0.883850 0.242995
2018-07-10/IMG_20180710_192543.jpg 66.762380 -0.054898 -111.839100 0.339577 -0.212800 -0.894203 0.199512
2018-07-10/IMG_20180710_192542.jpg 66.825420 -0.013647 -110.452200 0.384026 -0.210125 -0.874465 0.209004
2018-07-10/IMG_20180710_192540.jpg 66.842760 0.045790 -109.282500 0.366467 -0.231890 -0.871437 0.229188
2018-07-10/IMG_20180710_192539.jpg 66.857220 -0.048589 -108.122300 0.341968 -0.193669 -0.891452 0.225530
2018-07-10/IMG_20180710_192538.jpg 66.893100 -0.039385 -107.182500 0.298321 -0.166630 -0.925809 0.161609
2018-07-10/IMG_20180710_192537.jpg 67.049260 -0.155425 -105.380900 0.313013 -0.166718 -0.923524 0.146052
2018-07-10/IMG_20180710_192602.jpg 67.158300 0.046021 -132.042600 0.348453 -0.241323 -0.882685 0.203007
2018-07-10/IMG_20180710_192603.jpg 67.058080 -0.019408 -132.970300 0.448387 -0.223941 -0.835697 0.224522
2018-07-10/IMG_20180710_192533.jpg 67.041150 -0.065044 -102.517600 0.304967 -0.177569 -0.919241 0.174530
2018-07-10/IMG_20180710_192531.jpg 67.157000 0.056027 -100.035300 0.232644 -0.151041 -0.952449 0.126114
2018-07-10/IMG_20180710_192535.jpg 67.058180 0.028604 -103.507900 0.323791 -0.179775 -0.916919 0.148662
2018-07-10/IMG_20180710_192532.jpg 67.120510 0.033647 -101.044600 0.242021 -0.143326 -0.951605 0.123820
2018-07-10/IMG_20180710_192526.jpg 66.800250 0.058708 -94.906380 0.281573 -0.164885 -0.936937 0.125216
2018-07-10/IMG_20180710_192528.jpg 66.976900 0.070822 -96.934450 0.302140 -0.172827 -0.928746 0.127569
2018-07-10/IMG_20180710_192522.jpg 66.580930 0.072496 -91.678670 0.335426 -0.140680 -0.922377 0.130079
2018-07-10/IMG_20180710_192605.jpg 67.055390 0.017831 -134.302400 0.510204 -0.262342 -0.785747 0.231239
2018-07-10/IMG_20180710_192606.jpg 67.117950 0.032997 -135.730100 0.572785 -0.259171 -0.748891 0.209549
2018-07-10/IMG_20180710_192607.jpg 67.297240 -0.147235 -137.181200 0.583235 -0.263800 -0.740557 0.204506
2018-07-10/IMG_20180710_192609.jpg 67.607030 -0.215612 -138.641100 0.601301 -0.228344 -0.736051 0.211011
2018-07-10/IMG_20180710_192611.jpg 67.199800 -0.184664 -140.005700 0.569440 -0.253566 -0.755761 0.200669
2018-07-10/IMG_20180710_192613.jpg 66.641620 0.109860 -140.224400 0.620283 -0.287785 -0.696773 0.216651
2018-07-10/IMG_20180710_192529.jpg 67.068370 0.105573 -98.118410 0.278210 -0.153396 -0.938388 0.136006
2018-07-10/IMG_20180710_192617.jpg 66.942350 0.014082 -141.082700 0.688691 -0.274746 -0.636510 0.212309
2018-07-10/IMG_20180710_192520.jpg 66.334300 0.059863 -89.531750 0.355396 -0.148230 -0.916489 0.108491
2018-07-10/IMG_20180710_192519.jpg 66.377460 0.088117 -88.205050 0.397474 -0.157505 -0.895564 0.123172
2018-07-10/IMG_20180710_192524.jpg 66.879810 0.101174 -93.515830 0.286352 -0.144480 -0.940598 0.111373
2018-07-10/IMG_20180710_192517.jpg 66.650150 0.095860 -87.083270 0.339800 -0.152965 -0.919576 0.124567
2018-07-10/IMG_20180710_192516.jpg 66.836900 0.109413 -85.915380 0.340264 -0.157319 -0.917246 0.134652
2018-07-10/IMG_20180710_192521.jpg 66.465640 0.038105 -90.728090 0.403458 -0.188447 -0.874833 0.190730
2018-07-10/IMG_20180710_192514.jpg 67.126070 0.113071 -84.175490 0.279476 -0.129563 -0.947444 0.086349
2018-07-10/IMG_20180710_192512.jpg 67.651660 0.092427 -82.368390 0.286527 -0.145784 -0.932311 0.165669
2018-07-10/IMG_20180710_192511.jpg 68.145840 0.082790 -80.973390 0.265463 -0.138620 -0.943308 0.143123
2018-07-10/IMG_20180710_192626.jpg 66.685550 -0.024574 -143.838200 0.762575 -0.320351 -0.533474 0.176805
2018-07-10/IMG_20180710_192627.jpg 66.627660 -0.098801 -144.745100 0.742418 -0.338904 -0.548594 0.181672
2018-07-10/IMG_20180710_192629.jpg 66.375080 0.032213 -145.782200 0.699748 -0.267707 -0.638004 0.177864
2018-07-10/IMG_20180710_192631.jpg 65.891620 0.082779 -146.602700 0.602264 -0.192981 -0.741579 0.223825
2018-07-10/IMG_20180710_192624.jpg 66.795780 -0.038360 -143.261100 0.846360 -0.305031 -0.414933 0.135875
2018-07-10/IMG_20180710_192621.jpg 66.863940 -0.159613 -141.606800 0.850785 -0.332445 -0.379135 0.147996
2018-07-10/IMG_20180710_192509.jpg 68.538760 0.077631 -79.822160 0.224517 -0.143391 -0.946596 0.181623
2018-07-10/IMG_20180710_192508.jpg 69.037000 0.045906 -78.452070 0.120029 -0.084011 -0.976691 0.156875
2018-07-10/IMG_20180710_192506.jpg 69.388090 0.019208 -76.978820 0.149456 -0.050078 -0.979228 0.127544
2018-07-10/IMG_20180710_192504.jpg 69.569490 0.030945 -74.910600 0.152098 -0.043417 -0.977653 0.138475
2018-07-10/IMG_20180710_192503.jpg 69.433880 -0.015227 -73.045900 0.139046 -0.045396 -0.981299 0.125133
2018-07-10/IMG_20180710_192501.jpg 69.350430 -0.011624 -71.329240 0.161669 -0.045121 -0.980432 0.102860
2018-07-10/IMG_20180710_192633.jpg 65.776050 0.229971 -147.442700 0.550446 -0.167448 -0.801852 0.161259
2018-07-10/IMG_20180710_192459.jpg 69.287780 0.000000 -68.841910 0.213959 -0.047117 -0.969593 0.109046
2018-07-10/IMG_20180710_192456.jpg 69.100370 -0.001220 -66.430670 0.167957 -0.053470 -0.979825 0.094202
2018-07-10/IMG_20180710_192453.jpg 68.849140 0.029625 -63.445270 0.176614 -0.033447 -0.982369 0.051379
2018-07-10/IMG_20180710_192451.jpg 68.479020 0.003850 -61.099000 0.167665 -0.028112 -0.983844 0.056113
2018-07-10/IMG_20180710_192448.jpg 67.981250 -0.011534 -57.322930 0.160038 -0.027822 -0.985111 0.056297
2018-07-10/IMG_20180710_192449.jpg 68.202440 0.068967 -58.522600 0.173305 -0.028514 -0.982786 0.057307
2018-07-10/IMG_20180710_192447.jpg 67.903020 0.047874 -56.136800 0.153985 -0.022319 -0.986672 0.047633
2018-07-10/IMG_20180710_192446.jpg 67.774030 0.026794 -54.910370 0.155115 -0.027912 -0.986238 0.049949
2018-07-10/IMG_20180710_192444.jpg 67.508710 0.023159 -53.260350 0.150084 -0.033457 -0.986465 0.056943
2018-07-10/IMG_20180710_192443.jpg 67.335080 0.019976 -51.952900 0.130380 -0.029678 -0.989018 0.062963
2018-07-10/IMG_20180710_192442.jpg 67.087650 0.029217 -50.287930 0.139933 -0.018022 -0.989404 0.034255
2018-07-10/IMG_20180710_192439.jpg 66.617310 -0.002135 -47.459910 0.152273 -0.027836 -0.985740 0.065994
2018-07-10/IMG_20180710_192440.jpg 66.889330 0.018336 -49.111180 0.175760 -0.015420 -0.983218 0.046403
2018-07-10/IMG_20180710_192438.jpg 66.354830 0.000000 -45.875010 0.160272 -0.021475 -0.984094 0.073564
2018-07-10/IMG_20180710_192436.jpg 66.110960 -0.000369 -44.824200 0.173011 -0.017355 -0.983371 0.052412
2018-07-10/IMG_20180710_192435.jpg 65.567400 -0.013557 -43.324000 0.208825 -0.006740 -0.976320 0.056093
2018-07-10/IMG_20180710_192434.jpg 65.087980 -0.018112 -41.820980 0.145782 -0.020309 -0.987755 0.051721
2018-07-10/IMG_20180710_192432.jpg 64.553440 -0.027058 -40.303330 0.193906 -0.010165 -0.979021 0.061759
2018-07-10/IMG_20180710_192642.jpg 65.873320 0.465299 -142.998900 0.841318 -0.272980 -0.459458 0.081016
2018-07-10/IMG_20180710_192641.jpg 65.849460 0.501519 -142.237800 0.778270 -0.274025 -0.550654 0.126435
2018-07-10/IMG_20180710_192644.jpg 65.502350 0.598068 -144.287900 0.908295 -0.214428 -0.348831 0.085664
2018-07-10/IMG_20180710_192639.jpg 65.766530 0.454252 -140.763600 0.643753 -0.244245 -0.711249 0.141607
2018-07-10/IMG_20180710_192645.jpg 65.710970 0.578089 -144.854700 0.931618 -0.207846 -0.294519 0.046339
2018-07-10/IMG_20180710_192646.jpg 65.887800 0.561605 -145.519900 0.938754 -0.228544 -0.252027 0.054701
2018-07-10/IMG_20180710_192647.jpg 65.748290 0.457272 -146.128200 0.938269 -0.220556 -0.260079 0.058016
2018-07-10/IMG_20180710_192643.jpg 65.642780 0.336341 -143.477200 0.899931 -0.276010 -0.332225 0.059741
2018-07-10/IMG_20180710_192650.jpg 66.013090 0.431363 -148.316600 0.943568 -0.186890 -0.268559 0.051268
2018-07-10/IMG_20180710_192654.jpg 66.258960 0.585896 -151.144400 0.947566 -0.189244 -0.251894 0.053439
2018-07-10/IMG_20180710_192655.jpg 66.122960 0.504828 -152.397800 0.929643 -0.244257 -0.270587 0.053708
2018-07-12/IMG_20180712_183725.jpg 61.824880 -0.047484 -178.598200 0.982935 -0.123475 -0.132044 -0.034031
2018-07-12/IMG_20180712_183727.jpg 63.645740 -0.040000 -178.535000 0.989474 -0.113312 -0.060748 -0.066421
2018-07-12/IMG_20180712_183722.jpg 59.823200 -0.020802 -178.646600 0.978911 -0.117321 -0.166581 -0.014847
2018-07-12/IMG_20180712_183720.jpg 57.808070 -0.053369 -178.573000 0.974392 -0.086437 -0.205218 -0.031218
2018-07-12/IMG_20180712_183717.jpg 55.782970 0.034073 -178.872800 0.972151 -0.093901 -0.214060 -0.016811
2018-07-12/IMG_20180712_183714.jpg 53.265420 -0.037971 -179.101100 0.951111 -0.134792 -0.277236 -0.018936
2018-07-12/IMG_20180712_183711.jpg 50.456210 -0.234110 -179.324300 0.949020 -0.100405 -0.297594 -0.026795
2018-07-12/IMG_20180712_183709.jpg 48.413120 0.042037 -179.516100 0.933134 -0.082699 -0.349054 -0.024165
2018-07-12/IMG_20180712_183706.jpg 46.349210 0.077732 -179.529600 0.926003 -0.097682 -0.364593 -0.006992
2018-07-12/IMG_20180712_183703.jpg 43.822890 0.131560 -179.501200 0.919527 -0.088494 -0.381566 -0.032351
2018-07-12/IMG_20180712_183701.jpg 41.561310 -0.313826 -179.081300 0.894288 -0.085926 -0.438193 -0.029202
2018-07-12/IMG_20180712_183659.jpg 40.131770 -0.281958 -178.437200 0.906998 -0.078642 -0.412644 -0.029926
2018-07-12/IMG_20180712_183657.jpg 38.134150 0.109454 -177.901900 0.907844 -0.068758 -0.413066 -0.021664
2018-07-12/IMG_20180712_183655.jpg 36.908730 -0.220258 -177.184400 0.888350 -0.082019 -0.450442 -0.034792
2018-07-12/IMG_20180712_183652.jpg 35.092770 0.025966 -176.057500 0.897512 -0.072538 -0.434696 -0.015805
2018-07-12/IMG_20180712_183649.jpg 33.471390 -0.390621 -174.153700 0.885754 -0.066987 -0.459138 -0.012026
2018-07-12/IMG_20180712_183646.jpg 32.114380 0.158571 -173.073800 0.885318 -0.073089 -0.459152 0.007061
2018-07-12/IMG_20180712_183639.jpg 31.944930 0.179283 -171.174700 0.876741 -0.094807 -0.471524 -0.001357
2018-07-12/IMG_20180712_183631.jpg 36.593990 -0.587112 -169.424900 0.858550 -0.099398 -0.502995 0.002887
2018-07-12/IMG_20180712_183636.jpg 33.145100 -0.092006 -170.898900 0.869468 -0.119284 -0.478515 -0.028635
2018-07-12/IMG_20180712_183633.jpg 35.124770 -0.281588 -169.714100 0.874477 -0.101868 -0.473116 -0.032767
2018-07-12/IMG_20180712_183629.jpg 37.707850 -0.181158 -169.357900 0.894254 -0.081010 -0.438546 -0.037744
2018-07-12/IMG_20180712_183626.jpg 39.257870 -0.148382 -168.752800 0.888941 -0.122934 -0.441016 -0.013292
2018-07-12/IMG_20180712_183623.jpg 41.535700 0.064707 -168.946600 0.885741 -0.117422 -0.448516 -0.022539
2018-07-12/IMG_20180712_183620.jpg 43.651540 0.142591 -167.715100 0.912849 -0.108287 -0.393593 -0.008153
2018-07-12/IMG_20180712_183617.jpg 45.555230 -0.131059 -166.958000 0.894414 -0.081818 -0.439365 -0.016988
2018-07-12/IMG_20180712_183615.jpg 47.266600 -0.218637 -166.456900 0.902442 -0.105117 -0.417789 -0.000670
2018-07-12/IMG_20180712_183612.jpg 49.185600 -0.213700 -165.722900 0.902257 -0.137863 -0.407952 0.022388
2018-07-12/IMG_20180712_183610.jpg 50.289970 0.150670 -165.611700 0.893644 -0.114269 -0.433423 0.022096
2018-07-12/IMG_20180712_183608.jpg 51.659120 -0.220314 -164.557300 0.902084 -0.128616 -0.411205 0.024745
2018-07-12/IMG_20180712_183605.jpg 53.216710 -0.066030 -163.870500 0.916618 -0.128009 -0.377889 0.025009
2018-07-12/IMG_20180712_183602.jpg 54.892660 -0.080862 -163.117100 0.872822 -0.126158 -0.470607 0.028209
2018-07-12/IMG_20180712_183600.jpg 56.420250 0.017003 -162.583800 0.891539 -0.135156 -0.431567 0.025329
2018-07-12/IMG_20180712_183557.jpg 58.136430 -0.087575 -161.759700 0.878113 -0.153166 -0.451274 0.042544
2018-07-12/IMG_20180712_183541.jpg 56.084900 0.223938 -157.314700 0.858861 -0.140529 -0.491271 0.035515
2018-07-12/IMG_20180712_183539.jpg 54.757300 0.109220 -157.230300 0.919374 -0.128266 -0.371188 0.022794
2018-07-12/IMG_20180712_183537.jpg 52.814480 0.160246 -157.240300 0.908010 -0.124025 -0.399404 0.024757
2018-07-12/IMG_20180712_183534.jpg 50.774030 0.051382 -157.144400 0.888613 -0.118453 -0.442418 0.024553
2018-07-12/IMG_20180712_183542.jpg 56.982890 0.091046 -157.389100 0.833425 -0.135948 -0.535542 0.010747
2018-07-12/IMG_20180712_183544.jpg 58.146570 0.159343 -157.351100 0.793290 -0.168385 -0.583135 0.047878
2018-07-12/IMG_20180712_183531.jpg 48.176300 -0.140822 -156.953600 0.900677 -0.100484 -0.422271 0.019282
2018-07-12/IMG_20180712_183529.jpg 46.268010 -0.065426 -157.232100 0.882308 -0.060627 -0.466529 0.014445
2018-07-12/IMG_20180712_183526.jpg 43.896960 0.213700 -157.374700 0.880417 -0.070888 -0.468758 0.010295
2018-07-12/IMG_20180712_183553.jpg 60.274080 -0.018515 -160.527800 0.822735 -0.157588 -0.542851 0.059884
2018-07-12/IMG_20180712_183524.jpg 41.908700 -0.046577 -157.016400 0.904076 -0.064562 -0.422372 0.009004
2018-07-12/IMG_20180712_183522.jpg 40.048990 -0.081212 -156.704800 0.868533 -0.078609 -0.487209 0.045809
2018-07-12/IMG_20180712_183520.jpg 38.546410 0.417728 -157.046900 0.873449 -0.051106 -0.483788 0.020583
2018-07-12/IMG_20180712_183518.jpg 37.449950 -0.297867 -156.279900 0.862923 -0.059507 -0.501168 -0.025566
2018-07-12/IMG_20180712_183516.jpg 35.049870 0.056887 -156.303900 0.864399 -0.068370 -0.497675 -0.021461
2018-07-12/IMG_20180712_183513.jpg 35.365340 -0.224396 -154.418000 0.847755 -0.099496 -0.520971 -0.001224
2018-07-12/IMG_20180712_183546.jpg 59.910380 -0.017697 -157.670800 0.758934 -0.179582 -0.620296 0.083676
2018-07-12/IMG_20180712_183512.jpg 35.642300 -0.427001 -153.896400 0.774743 -0.093355 -0.625345 -0.000992
2018-07-12/IMG_20180712_183511.jpg 35.290820 -0.263529 -153.195600 0.733595 -0.050494 -0.677334 0.022504
2018-07-12/IMG_20180712_183457.jpg 37.935040 0.240791 -149.971700 0.856147 -0.104447 -0.504529 0.039411
2018-07-12/IMG_20180712_183454.jpg 39.117100 0.340406 -149.421300 0.859692 -0.167726 -0.479833 0.050579
2018-07-12/IMG_20180712_183458.jpg 38.243400 -0.212682 -149.388200 0.787514 -0.082617 -0.608955 0.046581
2018-07-12/IMG_20180712_183500.jpg 37.481440 -0.126392 -150.099100 0.748281 -0.113948 -0.651269 0.054218
2018-07-12/IMG_20180712_183502.jpg 37.610260 -0.413193 -150.966500 0.699514 -0.073844 -0.709996 0.033670
2018-07-12/IMG_20180712_183449.jpg 42.073950 -0.027541 -147.461600 0.861812 -0.114570 -0.492578 0.038993
2018-07-12/IMG_20180712_183452.jpg 40.483860 0.156001 -148.372400 0.882943 -0.110967 -0.456072 0.009820
2018-07-12/IMG_20180712_183446.jpg 44.333760 -0.225708 -146.018800 0.868813 -0.088532 -0.486423 0.026810
2018-07-12/IMG_20180712_183444.jpg 45.520130 0.277220 -145.790000 0.871371 -0.104323 -0.478738 0.025281
2018-07-12/IMG_20180712_183442.jpg 47.010890 -0.042026 -144.790500 0.887920 -0.100803 -0.447854 0.029391
2018-07-12/IMG_20180712_183439.jpg 48.197510 0.023194 -143.586000 0.885038 -0.096353 -0.453855 0.037936
2018-07-12/IMG_20180712_183438.jpg 48.616000 0.347293 -143.718100 0.867549 -0.137876 -0.474573 0.055944
2018-07-12/IMG_20180712_183434.jpg 50.554460 -0.038413 -142.044200 0.855138 -0.129313 -0.498086 0.062670
2018-07-12/IMG_20180712_183428.jpg 51.251760 -0.071486 -141.417400 0.836309 -0.119752 -0.531488 0.061380
2018-07-12/IMG_20180712_183436.jpg 49.987650 0.117254 -142.583700 0.898354 -0.108401 -0.420784 0.064423
2018-07-12/IMG_20180712_183426.jpg 52.262730 -0.165536 -140.591200 0.794384 -0.109646 -0.592520 0.076500
2018-07-12/IMG_20180712_183423.jpg 53.484950 0.021142 -140.483800 0.793051 -0.144196 -0.581211 0.111680
2018-07-12/IMG_20180712_183505.jpg 34.395470 0.269728 -150.420700 0.634811 -0.082489 -0.766509 0.051722
2018-07-12/IMG_20180712_183422.jpg 54.477460 -0.139048 -139.928900 0.749839 -0.149631 -0.635515 0.107108
2018-07-12/IMG_20180712_183420.jpg 55.359580 -0.086732 -139.601100 0.703829 -0.175387 -0.679050 0.112941
2018-07-12/IMG_20180712_183419.jpg 56.492910 -0.194269 -139.143900 0.630025 -0.153092 -0.753033 0.112126
2018-07-12/IMG_20180712_183417.jpg 57.822060 -0.011201 -138.581400 0.577920 -0.196456 -0.784469 0.109648
2018-07-12/IMG_20180712_183350.jpg 53.427320 -0.073648 -135.809600 0.676074 -0.107678 -0.724796 0.077458
2018-07-12/IMG_20180712_183349.jpg 52.708080 0.050268 -135.684300 0.602088 -0.129198 -0.779728 0.113241
2018-07-12/IMG_20180712_183348.jpg 51.853320 0.057770 -135.847400 0.488630 -0.087832 -0.860964 0.110755
2018-07-12/IMG_20180712_183416.jpg 58.470180 -0.289880 -138.342900 0.558776 -0.153700 -0.807303 0.111387
2018-07-12/IMG_20180712_183412.jpg 59.495510 -0.075497 -137.443500 0.530168 -0.160356 -0.822964 0.126244
2018-07-12/IMG_20180712_183347.jpg 51.271670 -0.078800 -135.947600 0.410882 -0.072012 -0.904033 0.093352
2018-07-12/IMG_20180712_183351.jpg 54.321400 -0.070782 -135.647400 0.771133 -0.107543 -0.622167 0.081829
2018-07-12/IMG_20180712_183343.jpg 48.009860 -0.080792 -135.465200 0.430886 -0.056350 -0.897610 0.073886
2018-07-12/IMG_20180712_183341.jpg 46.652460 -0.090422 -135.329800 0.510212 -0.080961 -0.854731 0.050635
2018-07-12/IMG_20180712_183339.jpg 45.243160 -0.116536 -135.126300 0.617910 -0.084318 -0.778482 0.071023
2018-07-12/IMG_20180712_183337.jpg 43.768620 -0.155818 -134.724600 0.699463 -0.075377 -0.706660 0.075509
2018-07-12/IMG_20180712_183345.jpg 49.246170 -0.079990 -135.720300 0.370603 -0.065127 -0.922716 0.083707
2018-07-12/IMG_20180712_183346.jpg 50.011670 -0.061150 -135.883700 0.355514 -0.047134 -0.928508 0.096238
2018-07-12/IMG_20180712_183335.jpg 42.286590 -0.147886 -134.660800 0.800824 -0.072995 -0.591192 0.062000
2018-07-12/IMG_20180712_183352.jpg 55.036450 -0.087684 -135.375600 0.856372 -0.085915 -0.505384 0.061915
2018-07-12/IMG_20180712_183354.jpg 56.209900 -0.162486 -134.827300 0.930683 -0.078768 -0.356590 0.021655
2018-07-12/IMG_20180712_183355.jpg 57.009600 -0.003150 -134.456500 0.954496 -0.078765 -0.285814 0.032315
2018-07-12/IMG_20180712_183353.jpg 55.453180 -0.539017 -135.065100 0.898704 -0.093632 -0.427144 0.033353
2018-07-12/IMG_20180712_183409.jpg 59.763300 -0.024750 -136.136000 0.383808 -0.089398 -0.914000 0.096455
2018-07-12/IMG_20180712_183400.jpg 59.620500 -0.206678 -135.154500 0.399210 -0.089106 -0.900697 0.146412
2018-07-12/IMG_20180712_183359.jpg 59.465140 -0.364380 -134.825000 0.560438 -0.133322 -0.802707 0.154258
2018-07-12/IMG_20180712_183331.jpg 41.077770 -0.187765 -134.079400 0.837351 -0.066653 -0.540301 0.049757
2018-07-12/IMG_20180712_183326.jpg 38.672090 -0.167924 -132.864400 0.813636 -0.084961 -0.570381 0.073787
2018-07-12/IMG_20180712_183319.jpg 35.874630 -0.167439 -131.696900 0.776160 -0.060278 -0.624956 0.058075
2018-07-12/IMG_20180712_183312.jpg 32.665420 -0.068431 -129.807700 0.721968 -0.048020 -0.687503 0.061610
2018-07-12/IMG_20180712_183305.jpg 29.800200 -0.064378 -128.313200 0.691836 -0.055627 -0.718447 0.045851
2018-07-12/IMG_20180712_183259.jpg 29.449810 -0.140252 -125.131800 0.633970 -0.041598 -0.770330 0.054256
2018-07-12/IMG_20180712_183249.jpg 32.010140 -0.040000 -122.333200 0.625487 -0.077821 -0.772218 0.079937
2018-07-12/IMG_20180712_183240.jpg 36.222820 -0.125631 -121.694600 0.604539 -0.059982 -0.791895 0.061939
2018-07-12/IMG_20180712_183231.jpg 40.269050 -0.080659 -121.464600 0.637575 -0.067835 -0.764753 0.063636
2018-07-12/IMG_20180712_183222.jpg 43.747950 -0.057034 -120.830800 0.574603 -0.078481 -0.810559 0.081649
2018-07-12/IMG_20180712_183214.jpg 47.179950 -0.113267 -119.845100 0.477548 -0.052288 -0.873029 0.083874
2018-07-12/IMG_20180712_183358.jpg 58.600750 -0.069260 -134.091800 0.803114 -0.136078 -0.576998 0.059698
2018-07-12/IMG_20180712_183205.jpg 48.440710 -0.113584 -116.747200 0.466498 -0.046510 -0.881439 0.057286
2018-07-12/IMG_20180712_183111.jpg 44.006310 -0.056467 -108.468100 0.472050 -0.044433 -0.879248 0.046015
2018-07-12/IMG_20180712_183158.jpg 50.234870 -0.177112 -114.020300 0.520939 -0.079491 -0.845579 0.085440
2018-07-12/IMG_20180712_183141.jpg 46.804120 -0.138679 -109.918100 0.530605 -0.044260 -0.843926 0.065487
2018-07-12/IMG_20180712_183041.jpg 34.999500 -0.044852 -106.516500 0.510965 -0.067750 -0.855453 0.050253
2018-07-12/IMG_20180712_183033.jpg 32.832970 -0.046229 -104.848300 0.537689 -0.069670 -0.838405 0.055800
2018-07-12/IMG_20180712_183049.jpg 38.064470 -0.095842 -107.233700 0.534707 -0.085667 -0.838722 0.057404
2018-07-12/IMG_20180712_183024.jpg 33.466840 -0.020018 -101.987100 0.506833 -0.072494 -0.856481 0.065615
2018-07-12/IMG_20180712_183148.jpg 49.857800 -0.176588 -110.679000 0.568444 -0.072183 -0.814562 0.090276
2018-07-12/IMG_20180712_183013.jpg 34.457810 -0.017243 -98.783190 0.472775 -0.034889 -0.877453 0.073094
2018-07-12/IMG_20180712_183006.jpg 36.374790 -0.042651 -95.740880 0.417234 -0.076240 -0.904101 0.052000
2018-07-12/IMG_20180712_183058.jpg 41.454160 -0.131033 -108.182000 0.513488 -0.063949 -0.849996 0.098733
2018-07-12/IMG_20180712_182956.jpg 39.655340 0.013487 -93.250060 0.469219 -0.018936 -0.882138 0.036164
2018-07-12/IMG_20180712_182946.jpg 42.828490 -0.010029 -91.490050 0.479486 -0.090610 -0.872013 0.038436
2018-07-12/IMG_20180712_182935.jpg 45.512000 -0.026639 -89.889690 0.449407 -0.082424 -0.887803 0.055190
2018-07-12/IMG_20180712_182926.jpg 47.318630 0.013490 -88.630000 0.389466 -0.063496 -0.918505 0.025151
2018-07-12/IMG_20180712_182919.jpg 48.457990 0.050345 -86.693830 0.396444 -0.061669 -0.915724 0.021902
2018-07-12/IMG_20180712_182913.jpg 48.739890 0.015706 -84.898790 0.374015 -0.023627 -0.926585 0.031538
2018-07-12/IMG_20180712_182908.jpg 50.217050 0.010297 -84.623210 0.392643 -0.028578 -0.918571 0.035246
2018-07-12/IMG_20180712_182903.jpg 51.874470 0.024159 -83.932270 0.366069 -0.039922 -0.928808 0.041427
2018-07-12/IMG_20180712_182857.jpg 53.797930 0.024462 -83.179830 0.382596 -0.045581 -0.921647 0.045924
2018-07-12/IMG_20180712_182851.jpg 55.712690 -0.036074 -82.681300 0.367608 -0.069121 -0.924628 0.071763
2018-07-12/IMG_20180712_182847.jpg 57.231610 -0.032810 -82.096950 0.342258 -0.071258 -0.934047 0.073057
2018-07-12/IMG_20180712_182841.jpg 59.126420 -0.045643 -81.610790 0.360679 -0.080674 -0.925854 0.078726
2018-07-12/IMG_20180712_182836.jpg 60.647110 -0.040000 -81.061220 0.352604 -0.072990 -0.929356 0.081490
2018-07-12/IMG_20180712_183550.jpg 61.562670 0.163689 -159.203500 0.767519 -0.167329 -0.614523 0.072642
2018-07-12/IMG_20180712_183548.jpg 61.035230 0.065060 -158.093100 0.691930 -0.179980 -0.695054 0.075760
2018-07-12/IMG_20180712_183356.jpg 58.242190 0.243808 -133.850200 0.873782 -0.095834 -0.473989 0.051533
2018-07-12/IMG_20180712_182829.jpg 62.402140 -0.047639 -80.382880 0.346494 -0.085021 -0.930094 0.087398
2018-07-12/IMG_20180712_182824.jpg 64.059140 -0.069986 -80.602870 0.343128 -0.101272 -0.926396 0.117462
2018-07-12/IMG_20180712_182745.jpg 56.598000 -0.086488 -57.459050 0.303585 -0.036528 -0.951044 0.044907
2018-07-12/IMG_20180712_182748.jpg 58.021680 -0.026208 -59.446100 0.271128 -0.032916 -0.961741 0.021449
2018-07-12/IMG_20180712_182757.jpg 61.264030 -0.014672 -65.920200 0.315635 -0.032136 -0.947804 0.031773
2018-07-12/IMG_20180712_182754.jpg 59.955080 0.000241 -63.607720 0.339946 -0.025510 -0.939833 0.022381
2018-07-12/IMG_20180712_182751.jpg 58.792260 -0.016534 -61.349220 0.279148 -0.025433 -0.959559 0.026014
2018-07-12/IMG_20180712_182742.jpg 55.413790 -0.045247 -54.992470 0.252573 -0.040426 -0.964113 0.071132
2018-07-12/IMG_20180712_182739.jpg 54.229520 -0.040794 -52.450550 0.276102 -0.044036 -0.957650 0.068818
2018-07-12/IMG_20180712_182736_1.jpg 53.177270 -0.042232 -50.171900 0.233406 -0.018122 -0.971744 0.030107
2018-07-12/IMG_20180712_182800.jpg 63.022030 -0.049784 -68.472810 0.279257 -0.038626 -0.958063 0.051370
2018-07-12/IMG_20180712_182736.jpg 52.969750 -0.031043 -49.883130 0.250471 -0.024172 -0.965988 0.059565
2018-07-12/IMG_20180712_182733.jpg 51.620250 -0.035293 -47.408450 0.266004 -0.022273 -0.963677 0.008560
2018-07-12/IMG_20180712_182806.jpg 65.056270 -0.040674 -71.846300 0.310518 -0.053912 -0.946547 0.068714
2018-07-12/IMG_20180712_182730.jpg 50.383470 -0.027859 -45.089510 0.265150 -0.031689 -0.963550 0.016228
2018-07-12/IMG_20180712_182808.jpg 65.530290 -0.037713 -73.277910 0.300170 -0.058424 -0.947877 0.089527
2018-07-12/IMG_20180712_182811.jpg 66.092960 -0.061917 -75.677230 0.217766 -0.065533 -0.966750 0.116953
2018-07-12/IMG_20180712_182815.jpg 66.452700 -0.040266 -78.793230 0.269004 -0.089500 -0.952268 0.113194
2018-07-12/IMG_20180712_182813.jpg 66.395430 -0.044547 -77.430710 0.175765 -0.080385 -0.970419 0.144676
2018-07-12/IMG_20180712_183729.jpg 65.226210 -0.034048 -178.573500 0.983571 -0.118422 -0.118929 -0.066479
2018-07-12/IMG_20180712_183731.jpg 66.794220 0.028331 -178.616800 0.981506 -0.133970 -0.114002 -0.075504
2018-07-12/IMG_20180712_182726.jpg 48.963120 -0.014302 -42.631090 0.249582 -0.007053 -0.967677 0.035498
2018-07-12/IMG_20180712_182724.jpg 47.869920 -0.014757 -40.969490 0.293646 -0.014553 -0.955166 0.034901
2018-07-12/IMG_20180712_182722.jpg 46.576060 0.013404 -39.464940 0.247843 -0.002798 -0.967732 0.045403
2018-07-12/IMG_20180712_182720.jpg 45.789750 0.008124 -37.654870 0.207491 -0.014562 -0.977846 0.023495
2018-07-12/IMG_20180712_182718.jpg 45.547430 -0.004170 -36.605800 0.161860 -0.022356 -0.985411 0.047608
2018-07-12/IMG_20180712_182717.jpg 45.384950 -0.021288 -34.957740 0.172120 -0.027670 -0.983180 0.054468
2018-07-12/IMG_20180712_182714.jpg 45.326260 0.012697 -32.890370 0.180021 -0.013226 -0.982487 0.046218
2018-07-12/IMG_20180712_182712.jpg 45.168800 0.018929 -30.648050 0.191894 -0.012950 -0.980941 0.027641
2018-07-12/IMG_20180712_182710.jpg 45.168350 0.048279 -28.742030 0.152763 -0.014543 -0.987672 0.030910
2018-07-12/IMG_20180712_182708.jpg 44.991410 0.048445 -26.859340 0.174249 -0.002123 -0.984697 0.002133
2018-07-12/IMG_20180712_182706.jpg 44.774110 0.045756 -25.350550 0.238800 0.001490 -0.971030 -0.008569
2018-07-12/IMG_20180712_183733.jpg 67.942090 0.002813 -178.585100 0.985509 -0.155487 -0.024919 -0.063047
2018-07-13/IMG_20180713_174949.jpg 57.658130 -0.231662 -156.194800 0.917816 -0.182554 -0.349743 0.044352
2018-07-13/IMG_20180713_174956.jpg 57.907590 -0.172080 -160.370500 0.916571 -0.170440 -0.358664 0.046990
2018-07-13/IMG_20180713_174952.jpg 57.824460 -0.313496 -158.021800 0.906235 -0.191897 -0.375690 0.027767
2018-07-13/IMG_20180713_174950.jpg 57.802140 -0.100953 -157.144700 0.915192 -0.170248 -0.358122 0.072026
2018-07-13/IMG_20180713_174954.jpg 57.940010 0.015998 -159.528100 0.922428 -0.161768 -0.349690 0.025971
2018-07-13/IMG_20180713_174958.jpg 58.022100 -0.144675 -161.276300 0.919786 -0.173282 -0.351111 0.026237
2018-07-13/IMG_20180713_174947.jpg 57.738910 -0.097915 -155.306000 0.920861 -0.129964 -0.365382 0.040246
2018-07-13/IMG_20180713_174945.jpg 57.708420 -0.100175 -154.461400 0.910119 -0.123852 -0.393029 0.043259
2018-07-13/IMG_20180713_174944.jpg 58.062340 -0.234324 -153.745100 0.902628 -0.163501 -0.393288 0.062085
2018-07-13/IMG_20180713_174942.jpg 58.101100 -0.213040 -152.835800 0.907774 -0.138267 -0.394409 0.035653
2018-07-13/IMG_20180713_174941.jpg 58.285090 -0.185120 -152.027700 0.911336 -0.173983 -0.365858 0.073115
2018-07-13/IMG_20180713_174940.jpg 58.168850 -0.241346 -151.299300 0.892787 -0.149642 -0.419297 0.068769
2018-07-13/IMG_20180713_174938.jpg 58.168230 -0.159457 -150.413200 0.885392 -0.137092 -0.435626 0.086699
2018-07-13/IMG_20180713_174936.jpg 58.475400 -0.471124 -149.224500 0.871041 -0.165138 -0.458421 0.062183
2018-07-13/IMG_20180713_174934.jpg 58.746670 -0.456077 -148.083100 0.864140 -0.190801 -0.452910 0.108301
2018-07-13/IMG_20180713_174933.jpg 58.813980 -0.556304 -147.390400 0.835551 -0.184941 -0.509154 0.091722
2018-07-13/IMG_20180713_174931.jpg 58.445230 0.139633 -146.964200 0.846820 -0.236937 -0.459707 0.124200
2018-07-13/IMG_20180713_174929.jpg 58.502300 -0.070403 -145.557300 0.810064 -0.206256 -0.533660 0.128306
2018-07-13/IMG_20180713_175000.jpg 58.020540 -0.413585 -162.312300 0.922797 -0.167468 -0.346732 0.013318
2018-07-13/IMG_20180713_175001.jpg 58.121640 -0.160255 -163.271100 0.911692 -0.195539 -0.360605 0.023390
2018-07-13/IMG_20180713_174927.jpg 58.797630 0.037377 -144.400100 0.782230 -0.197147 -0.564070 0.176282
2018-07-13/IMG_20180713_174924.jpg 59.240230 -0.222990 -143.020800 0.797301 -0.199407 -0.545656 0.163730
2018-07-13/IMG_20180713_174921.jpg 59.451290 -0.171025 -141.641300 0.779032 -0.217730 -0.564653 0.163920
2018-07-13/IMG_20180713_175004.jpg 58.275040 -0.170830 -164.319700 0.912550 -0.180348 -0.366278 0.023838
2018-07-13/IMG_20180713_175006.jpg 58.397100 -0.266378 -165.445600 0.906364 -0.207386 -0.366814 0.030707
2018-07-13/IMG_20180713_174920.jpg 59.987690 -0.887484 -140.518700 0.722683 -0.184699 -0.646948 0.158351
2018-07-13/IMG_20180713_174918.jpg 59.547140 -0.080537 -140.026100 0.685564 -0.194566 -0.678230 0.179307
2018-07-13/IMG_20180713_175008.jpg 58.317330 -0.239802 -166.649200 0.913904 -0.158781 -0.370866 0.045025
2018-07-13/IMG_20180713_174916.jpg 60.154390 -0.453546 -139.498500 0.572836 -0.150457 -0.779773 0.202918
2018-07-13/IMG_20180713_174914.jpg 60.132550 -0.673617 -138.037600 0.580819 -0.148698 -0.777782 0.188664
2018-07-13/IMG_20180713_174913.jpg 59.515430 -0.508071 -136.845200 0.594459 -0.149445 -0.764770 0.198527
2018-07-13/IMG_20180713_174911.jpg 59.055500 -0.268092 -135.349700 0.582620 -0.120401 -0.778641 0.199438
2018-07-13/IMG_20180713_174909.jpg 58.592870 0.099136 -134.133900 0.542285 -0.126040 -0.811601 0.177045
2018-07-13/IMG_20180713_174908.jpg 58.730410 -0.308481 -133.322300 0.536974 -0.126012 -0.813278 0.185363
2018-07-13/IMG_20180713_174905.jpg 57.976860 0.145278 -130.212200 0.546141 -0.089505 -0.814122 0.175851
2018-07-13/IMG_20180713_174904.jpg 58.086850 -0.481952 -129.649200 0.563659 -0.098216 -0.800485 0.178512
2018-07-13/IMG_20180713_174902.jpg 57.861000 -0.243494 -127.885400 0.536075 -0.087524 -0.826347 0.148707
2018-07-13/IMG_20180713_174901.jpg 57.764080 -0.155697 -126.843500 0.511191 -0.089895 -0.844061 0.134773
2018-07-13/IMG_20180713_174900.jpg 57.727130 -0.428059 -126.098700 0.490731 -0.087417 -0.858422 0.121051
2018-07-13/IMG_20180713_174858.jpg 57.802740 -0.218686 -124.783900 0.468830 -0.100543 -0.866536 0.138583
2018-07-13/IMG_20180713_174856.jpg 57.682350 -0.355417 -123.564400 0.412666 -0.082945 -0.892879 0.159981
2018-07-13/IMG_20180713_174855.jpg 57.786710 -0.119700 -122.580400 0.425990 -0.092211 -0.892702 0.114514
2018-07-13/IMG_20180713_174853.jpg 57.788820 0.006997 -120.840000 0.471205 -0.043785 -0.871741 0.126949
2018-07-13/IMG_20180713_174851.jpg 57.628720 -0.222754 -119.243600 0.440848 -0.067632 -0.886395 0.124031
2018-07-13/IMG_20180713_174849.jpg 57.696000 -0.242525 -117.260400 0.468736 -0.056851 -0.871790 0.130527
2018-07-13/IMG_20180713_174847.jpg 57.798380 -0.265374 -115.718300 0.441360 -0.069239 -0.886690 0.119111
2018-07-13/IMG_20180713_174845.jpg 57.654320 -0.287859 -114.012900 0.453197 -0.050849 -0.885176 0.092148
2018-07-13/IMG_20180713_174842.jpg 57.942760 -0.106116 -112.099200 0.473811 -0.062963 -0.870839 0.114800
2018-07-13/IMG_20180713_174840.jpg 57.798580 -0.282891 -110.707200 0.458079 -0.036690 -0.880515 0.116237
2018-07-13/IMG_20180713_174838.jpg 57.957520 -0.210671 -109.073700 0.440204 -0.023782 -0.888642 0.126372
2018-07-13/IMG_20180713_174837.jpg 58.036310 -0.184900 -108.073900 0.483106 -0.044186 -0.866614 0.116773
2018-07-13/IMG_20180713_174834.jpg 57.991140 -0.237713 -105.911100 0.433820 -0.043332 -0.894067 0.102800
2018-07-13/IMG_20180713_174832.jpg 57.919250 -0.289049 -104.206400 0.420087 -0.053181 -0.901639 0.088015
2018-07-13/IMG_20180713_174830.jpg 58.024360 -0.233554 -102.731400 0.423891 -0.058579 -0.896347 0.115962
2018-07-13/IMG_20180713_174828.jpg 58.102310 -0.198448 -100.973500 0.421348 -0.072209 -0.895730 0.122149
2018-07-13/IMG_20180713_174826.jpg 57.758230 -0.237153 -99.715140 0.447515 -0.051313 -0.891463 0.048896
2018-07-13/IMG_20180713_174824.jpg 57.814730 -0.285546 -98.313910 0.392517 -0.043115 -0.916761 0.060178
2018-07-13/IMG_20180713_174823.jpg 57.855470 -0.249934 -97.193300 0.411187 -0.074665 -0.907183 0.048671
2018-07-13/IMG_20180713_174821.jpg 57.835310 -0.282737 -96.255810 0.364729 -0.061201 -0.927228 0.058951
2018-07-13/IMG_20180713_174820.jpg 57.901780 -0.227707 -94.772590 0.313381 -0.053442 -0.945279 0.073375
2018-07-13/IMG_20180713_174818.jpg 57.871990 -0.304417 -94.060670 0.341397 -0.035194 -0.935946 0.078834
2018-07-13/IMG_20180713_174816.jpg 57.974370 -0.204444 -92.746810 0.349792 -0.037408 -0.930989 0.097499
2018-07-13/IMG_20180713_174814.jpg 57.959470 -0.223981 -91.854740 0.358535 -0.060371 -0.927073 0.091346
2018-07-13/IMG_20180713_174805.jpg 57.792010 -0.415997 -90.384250 0.373436 -0.088701 -0.917593 0.103442
2018-07-13/IMG_20180713_174803.jpg 57.795870 -0.250435 -89.301410 0.378666 -0.090451 -0.915794 0.098751
2018-07-13/IMG_20180713_174802.jpg 57.720590 -0.157394 -88.045070 0.381009 -0.079767 -0.919341 0.057293
2018-07-13/IMG_20180713_174800.jpg 57.630200 -0.055671 -86.741430 0.352583 -0.056417 -0.933079 0.043192
2018-07-13/IMG_20180713_174758.jpg 57.352510 -0.260402 -85.364490 0.329365 -0.061460 -0.941154 0.044400
2018-07-13/IMG_20180713_174756.jpg 57.137810 -0.254213 -83.998890 0.387215 -0.081242 -0.916828 0.053758
2018-07-13/IMG_20180713_174755.jpg 56.875530 -0.247101 -82.515550 0.360933 -0.082133 -0.927858 0.045398
2018-07-13/IMG_20180713_174753.jpg 56.766110 -0.190617 -81.467910 0.304723 -0.084726 -0.948402 0.022354
2018-07-13/IMG_20180713_174751.jpg 56.440450 -0.222884 -79.993360 0.245251 -0.055660 -0.965720 0.064329
2018-07-13/IMG_20180713_174741.jpg 56.386190 -0.156854 -78.141000 0.330189 -0.078439 -0.939273 0.050876
2018-07-13/IMG_20180713_174748.jpg 56.339600 -0.198695 -78.841520 0.334864 -0.058116 -0.939462 0.043586
2018-07-13/IMG_20180713_174740.jpg 56.353220 -0.223423 -76.840900 0.252732 -0.045968 -0.963971 0.069090
2018-07-13/IMG_20180713_174738.jpg 56.058620 -0.196183 -75.268480 0.316137 -0.065323 -0.944151 0.066097
2018-07-13/IMG_20180713_174736.jpg 55.945150 -0.240000 -73.759190 0.310219 -0.081660 -0.944099 0.075984
2018-07-13/IMG_20180713_174734.jpg 55.786850 -0.257966 -72.322640 0.360259 -0.077689 -0.926884 0.071158
2018-07-13/IMG_20180713_174733.jpg 55.662110 -0.251794 -70.920590 0.295792 -0.068391 -0.950580 0.065017
2018-07-13/IMG_20180713_174730.jpg 55.453200 -0.145549 -68.807970 0.305653 -0.112670 -0.943694 0.057654
2018-07-13/IMG_20180713_174729.jpg 55.258880 -0.176758 -67.652890 0.323186 -0.106481 -0.937538 0.072357
2018-07-13/IMG_20180713_174727.jpg 55.048190 -0.286613 -66.240710 0.311761 -0.101774 -0.943394 0.049552
2018-07-13/IMG_20180713_174725.jpg 54.581780 -0.131607 -64.328060 0.311398 -0.083545 -0.943465 0.076979
2018-07-13/IMG_20180713_174723.jpg 54.155660 -0.235737 -62.977200 0.317965 -0.058369 -0.942889 0.080320
2018-07-13/IMG_20180713_174721.jpg 53.901880 -0.123851 -61.668960 0.265640 -0.055057 -0.958654 0.085946
2018-07-13/IMG_20180713_174719.jpg 53.313720 -0.135259 -59.799770 0.319052 -0.066253 -0.940814 0.093194
2018-07-13/IMG_20180713_174717.jpg 53.058510 -0.206588 -58.694960 0.298097 -0.032097 -0.952213 0.058300
2018-07-13/IMG_20180713_174715.jpg 52.968620 -0.209922 -57.415950 0.333385 -0.046536 -0.939193 0.067869
2018-07-13/IMG_20180713_175011.jpg 58.916960 -0.137407 -167.985100 0.929004 -0.163465 -0.329529 0.040513
2018-07-13/IMG_20180713_175012.jpg 59.105890 -0.061780 -168.513600 0.924448 -0.135481 -0.353613 0.044698
2018-07-13/IMG_20180713_175014.jpg 58.857190 -0.403398 -169.333200 0.917240 -0.150084 -0.368394 0.020759
2018-07-13/IMG_20180713_175016.jpg 59.110380 -0.241211 -170.610600 0.943182 -0.168233 -0.286317 0.011335
2018-07-13/IMG_20180713_175019.jpg 59.056720 -0.258061 -171.471000 0.933208 -0.149995 -0.323910 0.041312
2018-07-13/IMG_20180713_175021.jpg 59.491850 -0.235982 -172.806100 0.940427 -0.164858 -0.297249 0.007956
2018-07-13/IMG_20180713_175022.jpg 59.621050 -0.240000 -173.656600 0.932425 -0.144690 -0.329681 0.030962
2018-07-13/IMG_20180713_175025.jpg 59.780560 -0.289838 -174.766800 0.937105 -0.149024 -0.315158 0.017372
2018-07-13/IMG_20180713_175027.jpg 59.777330 -0.350349 -175.511900 0.933596 -0.149453 -0.324729 0.024770
2018-07-13/IMG_20180713_175029.jpg 59.897550 -0.341035 -176.618900 0.936271 -0.137509 -0.323242 0.001569
2018-07-13/IMG_20180713_175031.jpg 60.269430 -0.328096 -177.713600 0.949115 -0.177673 -0.259221 -0.020428
2018-07-13/IMG_20180713_175033.jpg 60.278580 -0.283789 -178.565100 0.935292 -0.113415 -0.334548 0.021089
2018-07-13/IMG_20180713_175035.jpg 60.484930 -0.256051 -179.563800 0.939113 -0.110543 -0.323748 0.032166
2018-07-13/IMG_20180713_175037.jpg 61.132570 -0.341156 -180.147500 0.952436 -0.135221 -0.271328 0.031020
2018-07-13/IMG_20180713_175040.jpg 61.549880 -0.298085 -181.349000 0.952845 -0.114309 -0.281082 0.003464
2018-07-13/IMG_20180713_175042.jpg 61.783350 -0.386753 -182.066600 0.947264 -0.113379 -0.299067 0.019856
2018-07-13/IMG_20180713_175044.jpg 61.990650 -0.241523 -183.049100 0.952194 -0.113345 -0.283641 0.005252
2018-07-13/IMG_20180713_175046.jpg 61.876160 -0.291637 -183.788400 0.944000 -0.122771 -0.306253 -0.000340
2018-07-13/IMG_20180713_175047.jpg 61.977050 -0.327646 -184.466800 0.946016 -0.120576 -0.300848 0.002279
2018-07-13/IMG_20180713_175049.jpg 62.109470 -0.307141 -185.010100 0.943310 -0.110945 -0.312819 0.001395
2018-07-13/IMG_20180713_175052.jpg 62.622170 -0.243428 -185.518900 0.960897 -0.128749 -0.244390 0.019368
2018-07-13/IMG_20180713_175053.jpg 63.719400 -0.259403 -185.282000 0.949963 -0.122490 -0.287204 0.009008
2018-07-13/IMG_20180713_175055.jpg 64.924160 -0.357523 -184.813500 0.959545 -0.117670 -0.255788 0.000851
2018-07-13/IMG_20180713_175057.jpg 65.751910 -0.240000 -184.627700 0.964928 -0.117988 -0.234419 0.006386
2018-07-13/IMG_20180713_175058.jpg 66.772190 -0.241032 -184.325300 0.957483 -0.129521 -0.257777 0.001208
2018-07-13/IMG_20180713_175100.jpg 67.530090 -0.227344 -184.090700 0.956903 -0.115652 -0.266217 0.009476
2018-07-20/IMG_20180720_180949.jpg 27.953030 -0.027183 -69.527710 0.342488 -0.049846 -0.938146 0.009988
2018-07-20/IMG_20180720_181005.jpg 28.235760 0.013828 -81.756590 0.438603 -0.017566 -0.897457 0.043463
2018-07-20/IMG_20180720_180958.jpg 27.926280 -0.054017 -75.769880 0.391177 -0.035954 -0.919392 0.020178
2018-07-20/IMG_20180720_180955.jpg 28.235420 -0.010307 -73.249310 0.372489 -0.033334 -0.927026 0.027623
2018-07-20/IMG_20180720_181000.jpg 27.874810 0.006653 -77.160220 0.409866 -0.028551 -0.911037 0.034742
2018-07-20/IMG_20180720_181001.jpg 27.908550 0.010694 -78.593410 0.424990 -0.039528 -0.904212 0.014878
2018-07-20/IMG_20180720_181002.jpg 28.099140 0.044398 -79.280860 0.406384 -0.046493 -0.912509 0.004201
2018-07-20/IMG_20180720_180956.jpg 27.889530 0.025757 -74.525170 0.365858 -0.028717 -0.929968 0.021958
2018-07-20/IMG_20180720_180953.jpg 28.107200 0.061494 -72.506580 0.326847 -0.032565 -0.944375 -0.016339
2018-07-20/IMG_20180720_180948.jpg 28.006390 -0.029081 -68.836660 0.339231 -0.061225 -0.938231 0.029940
2018-07-20/IMG_20180720_180950.jpg 28.389050 0.012241 -70.640420 0.293809 -0.054631 -0.954298 -0.002606
2018-07-20/IMG_20180720_181004.jpg 28.398880 -0.095666 -80.863620 0.379443 -0.041885 -0.923940 0.024585
2018-07-20/IMG_20180720_181006.jpg 28.437190 0.015012 -83.035960 0.479210 -0.018969 -0.876991 0.029753
2018-07-20/IMG_20180720_181007.jpg 28.266140 -0.024695 -84.118580 0.468903 -0.017197 -0.881362 0.055092
2018-07-20/IMG_20180720_181008.jpg 28.316060 0.062891 -85.367030 0.487857 -0.008837 -0.872815 0.010588
2018-07-20/IMG_20180720_181010.jpg 28.264280 0.012400 -86.536900 0.495874 -0.009302 -0.868299 0.008914
2018-07-20/IMG_20180720_181011.jpg 28.166400 -0.014804 -87.723420 0.494879 -0.017310 -0.868789 0.000407
2018-07-20/IMG_20180720_181012.jpg 28.231860 -0.014552 -88.912480 0.498237 -0.049894 -0.865503 -0.013269
2018-07-20/IMG_20180720_181017.jpg 28.370130 -0.007669 -91.400560 0.529508 -0.038601 -0.847410 0.005212
2018-07-20/IMG_20180720_181019.jpg 28.598880 0.005521 -92.154540 0.473548 -0.020558 -0.879649 0.039336
2018-07-20/IMG_20180720_181021.jpg 28.600990 -0.017077 -93.450330 0.507013 -0.032939 -0.861101 0.018927
2018-07-20/IMG_20180720_181022.jpg 28.739830 -0.009177 -94.013920 0.488322 -0.026546 -0.871632 0.033098
2018-07-20/IMG_20180720_181023.jpg 28.527530 0.035554 -95.048710 0.463691 -0.005182 -0.885202 0.037180
2018-07-20/IMG_20180720_181024.jpg 28.216820 0.083219 -94.732240 0.458660 -0.011197 -0.888303 0.020566
2018-07-20/IMG_20180720_181025.jpg 28.619560 0.023837 -97.412020 0.409314 -0.029398 -0.910287 0.054556
2018-07-20/IMG_20180720_181026.jpg 28.461880 -0.005853 -98.455550 0.532142 -0.033904 -0.845229 0.035555
2018-07-20/IMG_20180720_181027.jpg 28.467060 -0.000772 -99.464570 0.531967 -0.030476 -0.845489 0.035090
2018-07-20/IMG_20180720_181028.jpg 28.548200 0.015474 -100.482000 0.480356 -0.013707 -0.876360 0.032619
2018-07-20/IMG_20180720_181029.jpg 28.600330 0.012937 -101.672100 0.482839 -0.059035 -0.873377 0.024393
2018-07-20/IMG_20180720_181030.jpg 28.493210 0.013207 -102.954300 0.437321 -0.021219 -0.899038 0.005556
2018-07-20/IMG_20180720_181032.jpg 28.532410 0.034293 -104.009900 0.392771 -0.014617 -0.919453 -0.011129
2018-07-20/IMG_20180720_181033.jpg 28.518040 0.009877 -105.005900 0.532250 -0.033307 -0.845931 -0.001122
2018-07-20/IMG_20180720_181034.jpg 28.521230 0.652828 -106.168100 0.554678 -0.035365 -0.831309 0.002459
2018-07-20/IMG_20180720_181035.jpg 28.608640 0.039140 -106.939700 0.561027 -0.028603 -0.827284 0.005737
2018-07-20/IMG_20180720_181036.jpg 28.581310 0.062844 -107.864100 0.573762 -0.010847 -0.818489 -0.027495
2018-07-20/IMG_20180720_181038.jpg 28.639920 0.050914 -108.822000 0.569735 -0.013897 -0.821707 -0.002466
2018-07-20/IMG_20180720_181039.jpg 28.753340 0.038448 -109.906200 0.550960 -0.008970 -0.834463 0.005878
2018-07-20/IMG_20180720_181040.jpg 28.802670 0.041576 -111.125700 0.545790 -0.000119 -0.837907 -0.005116
2018-07-20/IMG_20180720_181041.jpg 27.750480 0.587751 -110.754400 0.568653 -0.020965 -0.822310 -0.000118
2018-07-20/IMG_20180720_181042.jpg 28.765140 0.016362 -113.120700 0.565156 0.014013 -0.824785 0.011517
2018-07-20/IMG_20180720_181044.jpg 28.994770 0.022218 -114.692700 0.561090 0.003946 -0.827562 -0.017428
2018-07-20/IMG_20180720_181045.jpg 29.137730 0.030828 -115.625200 0.560172 -0.014271 -0.828216 -0.007844
2018-07-20/IMG_20180720_181047.jpg 29.139600 0.030000 -116.899700 0.573754 0.002333 -0.819023 0.001238
2018-07-20/IMG_20180720_181048.jpg 28.382350 0.653488 -117.323100 0.553450 0.002831 -0.832383 0.028715
2018-07-20/IMG_20180720_181049.jpg 28.978610 0.368612 -119.231600 0.569473 -0.005156 -0.821989 -0.003043
2018-07-20/IMG_20180720_181050.jpg 28.275600 0.890269 -119.950300 0.544479 0.006682 -0.838553 0.018110
2018-07-20/IMG_20180720_181052.jpg 30.020760 -0.124970 -122.615500 0.584729 0.010309 -0.811155 -0.003656
2018-07-20/IMG_20180720_181053.jpg 27.264660 0.758369 -121.525200 0.579321 -0.020924 -0.814756 0.011055
2018-07-20/IMG_20180720_181054.jpg 29.422520 -0.228506 -124.543900 0.618852 -0.017591 -0.785147 -0.016020
2018-07-20/IMG_20180720_181056.jpg 30.169060 -0.091549 -126.090200 0.630132 0.013327 -0.776210 0.015937
2018-07-20/IMG_20180720_181057.jpg 29.384230 -0.078704 -126.656100 0.635242 -0.032491 -0.771153 0.027126
2018-07-20/IMG_20180720_181058.jpg 30.479320 -0.355261 -128.671100 0.615825 -0.006445 -0.787382 0.027338
2018-07-20/IMG_20180720_181059.jpg 29.208080 0.389862 -128.682900 0.627395 -0.025791 -0.777906 0.023929
2018-07-20/IMG_20180720_181100.jpg 29.865730 -0.073497 -130.203700 0.642243 0.001047 -0.765825 0.032179
2018-07-20/IMG_20180720_181101.jpg 29.374980 -0.135103 -131.019700 0.641623 0.010174 -0.766811 0.014769
2018-07-20/IMG_20180720_181103.jpg 30.139380 -0.301385 -132.170400 0.600177 0.009618 -0.797590 0.059552
2018-07-20/IMG_20180720_181104.jpg 30.992440 -0.069025 -133.659200 0.680832 -0.006221 -0.732365 0.008434
2018-07-20/IMG_20180720_181105.jpg 25.107410 0.214869 -132.901400 0.660821 -0.015711 -0.750358 0.005633
2018-07-20/IMG_20180720_181106.jpg 27.042760 0.400226 -134.823200 0.684028 -0.012199 -0.729352 -0.001977
2018-07-20/IMG_20180720_181107.jpg 28.741970 0.030000 -136.234600 0.670447 0.000415 -0.741941 0.004981
2018-07-20/IMG_20180720_181108.jpg 29.255550 -0.071213 -137.259200 0.659203 0.038114 -0.750518 0.026851
2018-07-20/IMG_20180720_181109.jpg 28.779240 0.157414 -138.185400 0.664502 0.018855 -0.747047 0.001785
2018-07-20/IMG_20180720_181111.jpg 28.338360 0.041356 -139.412800 0.696886 -0.009110 -0.717123 0.001204
2018-07-20/IMG_20180720_181112.jpg 28.551480 0.482750 -141.142700 0.663448 -0.001520 -0.748219 -0.001877
2018-07-20/IMG_20180720_181114.jpg 28.908150 -0.027331 -141.614500 0.718115 -0.003890 -0.695897 -0.004804
2018-07-20/IMG_20180720_181116.jpg 29.079250 0.366800 -143.422900 0.727637 0.004219 -0.685944 -0.002704
2018-07-20/IMG_20180720_181118.jpg 30.241530 -0.163236 -144.702800 0.736909 0.007015 -0.675602 -0.021874
2018-07-20/IMG_20180720_181126.jpg 33.789020 -0.985849 -146.144400 0.763346 -0.026933 -0.644895 0.026224
2018-07-20/IMG_20180720_181128.jpg 29.840400 -0.107692 -148.091500 0.813995 -0.054201 -0.577241 0.035609
2018-07-20/IMG_20180720_181129.jpg 28.686750 0.386714 -149.549600 0.810278 -0.032810 -0.584408 0.028982
2018-07-20/IMG_20180720_181131.jpg 29.594160 0.187698 -150.743200 0.790427 -0.033891 -0.611060 0.026111
2018-07-20/IMG_20180720_181133.jpg 28.644390 0.892542 -151.836100 0.764023 -0.029262 -0.642163 0.055130
2018-07-20/IMG_20180720_181134.jpg 32.570050 -0.466046 -151.090300 0.768177 -0.033430 -0.639228 0.013219
2018-07-20/IMG_20180720_181135.jpg 28.720440 0.620013 -154.033700 0.801219 -0.026934 -0.597315 0.023180
2018-07-20/IMG_20180720_181137.jpg 29.970740 0.143246 -154.225700 0.806524 -0.032985 -0.589765 0.024671
2018-07-20/IMG_20180720_181138.jpg 29.669170 0.366706 -155.269100 0.799151 -0.039275 -0.597791 0.049605
2018-07-20/IMG_20180720_181139.jpg 30.670800 0.064622 -155.497700 0.805694 -0.043333 -0.589547 0.037607
2018-07-20/IMG_20180720_181141.jpg 29.232750 0.777984 -157.307000 0.812863 -0.016472 -0.579604 0.055153
2018-07-20/IMG_20180720_181142.jpg 28.688580 1.007114 -158.696900 0.796920 -0.036282 -0.602718 0.018241
2018-07-20/IMG_20180720_181143.jpg 32.667630 -0.295988 -157.266700 0.788502 -0.032270 -0.613841 0.020545
2018-07-20/IMG_20180720_181145.jpg 31.459630 0.018496 -158.874700 0.810714 -0.002705 -0.584215 0.037781
2018-07-20/IMG_20180720_181146.jpg 32.329010 -0.261963 -159.302300 0.817964 0.004980 -0.574654 0.026157
2018-07-20/IMG_20180720_181148.jpg 33.525170 -0.099299 -159.836600 0.791723 -0.001790 -0.610552 0.019919
2018-07-20/IMG_20180720_181149.jpg 33.706090 -0.577638 -160.623500 0.806042 0.004398 -0.591783 0.008358
2018-07-20/IMG_20180720_181151.jpg 32.557270 -0.192908 -163.190000 0.821988 0.038345 -0.567293 0.032315
2018-07-20/IMG_20180720_181153.jpg 32.085660 0.288390 -164.652900 0.836115 -0.003547 -0.546279 0.049791
2018-07-20/IMG_20180720_181155.jpg 32.592750 0.240772 -166.195400 0.811305 0.027716 -0.582123 0.046360
2018-07-20/IMG_20180720_181155_1.jpg 33.867520 -0.404525 -165.480500 0.791928 0.043099 -0.608058 0.035476
2018-07-20/IMG_20180720_181158.jpg 33.457180 -0.107547 -166.391500 0.869533 0.012838 -0.492824 0.029537
2018-07-20/IMG_20180720_181159.jpg 33.363630 -0.055465 -167.574000 0.855859 -0.016492 -0.516917 0.005543
2018-07-20/IMG_20180720_181201.jpg 33.136900 0.858433 -169.996300 0.854890 -0.008335 -0.518636 -0.010476
2018-07-20/IMG_20180720_181202.jpg 34.299270 -0.166226 -169.002300 0.847932 -0.006492 -0.529529 -0.023843
2018-07-20/IMG_20180720_181203.jpg 33.606840 0.265386 -170.882500 0.866510 0.023483 -0.498384 0.014939
2018-07-20/IMG_20180720_181300.jpg 34.072300 0.061825 -173.318500 0.866963 -0.016433 -0.498046 0.007401
2018-07-20/IMG_20180720_181301.jpg 33.966880 -0.110057 -173.443600 0.892200 -0.047571 -0.446527 0.048276
2018-07-20/IMG_20180720_181303.jpg 33.904110 0.048413 -173.844200 0.898164 -0.043933 -0.435639 0.039884
2018-07-20/IMG_20180720_181340.jpg 34.276860 -0.003817 -175.328800 0.882131 -0.089748 -0.458533 0.059473
2018-07-20/IMG_20180720_181343.jpg 34.039070 0.033455 -176.163700 0.894596 -0.103999 -0.429165 0.068556
2018-07-20/IMG_20180720_181344.jpg 33.850620 0.008186 -177.254800 0.893912 -0.130952 -0.424215 0.061758
2018-07-20/IMG_20180720_181346.jpg 33.887510 0.014451 -177.722000 0.882961 -0.109591 -0.452614 0.059246
2018-07-20/IMG_20180720_181348.jpg 33.499830 -0.144296 -178.884900 0.892134 -0.080903 -0.440813 0.056879
2018-07-20/IMG_20180720_181350.jpg 32.901310 -0.086942 -180.038000 0.888262 -0.068491 -0.452670 0.037269
2018-07-20/IMG_20180720_181352.jpg 32.384320 0.005279 -181.044100 0.915950 -0.078329 -0.389826 0.054182
2018-07-20/IMG_20180720_181354.jpg 32.201430 -0.052562 -181.706300 0.897342 -0.087416 -0.429678 0.050133
2018-07-20/IMG_20180720_181356.jpg 31.790200 0.030000 -182.630100 0.896633 -0.074791 -0.434074 0.045126
2018-07-20/IMG_20180720_181358.jpg 31.412450 -0.170314 -183.284500 0.905459 -0.087229 -0.412705 0.047008
2018-07-20/IMG_20180720_181400.jpg 31.120990 0.162278 -184.945800 0.919509 -0.068926 -0.383709 0.050195
2018-07-20/IMG_20180720_181402.jpg 31.036830 -0.028889 -185.363000 0.912428 -0.056612 -0.403505 0.038141
2018-07-20/IMG_20180720_181404.jpg 31.006340 0.034076 -186.409100 0.909424 -0.043839 -0.409333 0.058935
2018-07-20/IMG_20180720_181406.jpg 30.854180 0.042703 -187.338200 0.912319 -0.061930 -0.400002 0.061950
2018-07-20/IMG_20180720_181408.jpg 30.931900 0.054386 -188.013900 0.909495 -0.053177 -0.407921 0.059931
2018-07-20/IMG_20180720_181410.jpg 30.952800 0.067798 -188.595200 0.918270 -0.072696 -0.382358 0.072782
2018-07-20/IMG_20180720_181412.jpg 31.157270 0.122664 -189.384300 0.908849 -0.091017 -0.403820 0.051370
2018-07-20/IMG_20180720_181417.jpg 32.243950 0.060939 -189.541100 0.906219 -0.051302 -0.415701 0.057686
2018-07-20/IMG_20180720_181419.jpg 32.181450 0.084492 -190.591100 0.923177 -0.059395 -0.378587 0.029811
2018-07-20/IMG_20180720_181422.jpg 32.432410 0.077008 -191.981800 0.933563 -0.063153 -0.351177 0.033851
2018-07-20/IMG_20180720_181423.jpg 32.537200 -0.302141 -191.997900 0.900628 -0.097336 -0.422483 0.030046
2018-07-20/IMG_20180720_181430.jpg 32.237700 -0.039418 -193.577600 0.921399 -0.085945 -0.376929 0.039520
2018-07-20/IMG_20180720_181431.jpg 31.891560 0.041401 -194.516300 0.917241 -0.064490 -0.390639 0.043726
2018-07-20/IMG_20180720_181434.jpg 31.841940 -0.045288 -194.397100 0.908394 -0.113177 -0.398296 0.058064
2018-07-20/IMG_20180720_181438.jpg 30.544620 -0.099159 -195.173900 0.907780 -0.093333 -0.405789 0.050589
2018-07-20/IMG_20180720_181442.jpg 30.102340 -0.095497 -195.915500 0.923690 -0.082632 -0.373192 0.026395
2018-07-20/IMG_20180720_181445.jpg 30.237410 -0.106672 -196.849600 0.906882 -0.057644 -0.417407 0.003762
