0 10662.8 10855.1
60 1315.16 1514.63
120 652.412 1108.07
180 625.902 1107.22
240 494.273 1024.65
300 508.445 1106.99
360 422.027 951.59
420 427.341 988.447
480 294.636 733.654
540 281.563 915.902
600 296.526 867.913
660 359.538 968.451
720 265.402 791.062
780 383.408 982.304
840 316.611 768.732
900 299.463 747.565
960 210.598 721.46
1020 192.896 818.456
1080 268.508 816.092
1140 287.99 760.973
1200 306.916 858.477
1260 173.89 752.722
1320 194.549 721.803
1380 358.125 930.545
1440 203.643 707.014
1500 244.302 811.959
1560 206.944 617.914
1620 181.15 629.092
1680 258.593 728.537
1740 228.663 739.003
1800 195.877 590.073
1860 231.615 888.726
1920 254.349 658.383
1980 211.708 713.114
0 206.231 743.57
60 233.599 633.91
120 215.464 669.927
180 252.754 704.376
240 193.662 709.898
300 190.203 802.067
360 210.74 689.033
420 141.222 679.956
480 181.847 572.525
540 290.12 813.833
600 210.261 749.065
660 248.808 797.944
720 208.469 655.761
780 214.952 836.119
840 181.744 594.713
900 165.517 609.026
960 176.619 627.763
1020 192.686 716.047
1080 167.341 699.358
1140 150.862 646.183
1200 230.424 803.505
1260 221.326 720.084
1320 181.623 660.691
1380 220.206 783.27
1440 192.908 575.385
1500 178.335 721.286
1560 175.397 547.005
1620 151.482 592.664
1680 237.415 683.04
1740 122.264 687.162
1800 222.388 594.636
1860 191.903 813.397
1920 160.742 599.196
1980 140.852 661.689
2040 202.79 762.037
2100 137.504 687.549
2160 178.086 726.356
2220 144.451 535.445
2280 160.495 765.007
2340 116.382 763.504
2400 166.613 515.031
2460 164.908 590.672
2520 162.831 536.23
2580 153.386 610.002
2640 237.937 685.837
2700 205.019 593.774
2760 122.651 693.68
2820 176.848 603.707
2880 145.967 653.51
2940 152.819 642.635
3000 154.0 622.433
3060 190.193 746.315
3120 111.075 570.31
3180 153.133 505.453
3240 139.214 589.043
3300 123.927 736.247
3360 152.469 670.778
3420 209.333 587.892
3480 143.027 627.287
3540 143.967 621.526
3600 120.756 708.604
3660 142.169 624.304
3720 113.496 463.457
3780 106.727 673.536
3840 216.525 652.856
3900 132.974 730.905
3960 127.854 574.683
4020 162.215 499.66
4080 123.595 643.315
4140 108.356 633.577
4200 179.559 575.096
4260 112.285 648.872
4320 97.7941 608.665
4380 143.485 621.167
4440 174.378 580.85
4500 176.287 468.216
4560 95.8239 661.641
4620 208.527 793.103
4680 158.094 614.147
4740 115.159 526.053
4800 162.352 493.484
4860 145.891 561.93
4920 167.297 590.14
4980 146.313 726.499
0 184.981 647.369
60 135.634 504.92
120 141.022 541.926
180 121.757 588.807
240 98.162 598.238
300 151.598 701.588
360 174.233 635.117
420 133.176 591.43
480 158.371 503.102
540 96.6105 679.374
600 126.473 620.844
660 145.38 731.298
720 94.948 532.506
780 134.289 715.484
840 139.078 500.27
900 164.21 536.74
960 139.45 541.028
1020 174.956 608.159
1080 117.715 573.919
1140 120.825 570.353
1200 142.603 699.752
1260 116.864 588.005
1320 136.64 580.669
1380 115.158 697.731
1440 124.246 472.851
1500 103.279 604.175
1560 102.787 463.455
1620 121.556 491.813
1680 142.194 573.673
1740 105.991 644.274
1800 145.397 463.597
1860 85.592 667.948
1920 158.164 503.211
1980 96.9503 587.692
2040 157.372 683.223
2100 136.376 592.664
2160 95.9703 610.264
2220 182.499 555.24
2280 144.081 723.257
2340 156.646 728.161
2400 129.17 442.858
2460 137.805 520.323
2520 103.927 482.252
2580 128.077 540.5
2640 136.908 607.248
2700 135.822 553.278
2760 113.627 677.81
2820 112.998 521.766
2880 82.801 581.065
2940 150.244 565.522
3000 146.249 516.286
3060 120.4 716.358
3120 108.895 528.526
3180 103.111 412.093
3240 144.319 551.533
3300 124.954 715.481
3360 109.159 585.019
3420 83.5386 503.539
3480 134.308 575.806
3540 90.1632 528.813
3600 101.968 605.865
3660 115.184 567.474
3720 123.776 420.422
3780 149.598 653.284
3840 114.391 500.191
3900 136.958 719.13
3960 118.722 485.013
4020 126.842 448.963
4080 135.4 598.347
4140 119.939 601.202
4200 83.2695 495.549
4260 128.268 654.754
4320 142.572 546.373
4380 142.009 576.359
4440 84.308 510.86
4500 153.29 445.09
4560 103.846 616.56
4620 97.6903 733.739
4680 145.308 560.821
4740 144.795 462.891
4800 136.307 453.849
4860 119.656 540.869
4920 119.82 535.24
4980 105.759 710.782
