0 3877.88 2738.97
500 258.342 495.916
1000 179.621 533.247
1500 187.504 539.156
2000 109.278 372.235
2500 107.06 554.003
3000 97.5502 439.533
3500 147.594 315.297
4000 60.8433 416.792
4500 78.9036 490.514
5000 88.4031 327.923
5500 69.5845 286.484
6000 68.3993 427.951
6500 80.6245 363.709
7000 56.8052 253.685
7500 70.1293 325.525
8000 63.0239 448.829
8500 78.5164 281.378
9000 63.9669 334.102
9500 58.3941 417.586
10000 49.4813 437.228
10500 55.2024 440.868
11000 51.9556 264.795
11500 102.826 469.818
