0 14388.7 15045.3
500 856.801 3065.17
1000 502.547 1686.31
1500 405.885 1531.93
2000 302.688 3496.54
2500 306.106 2755.21
3000 323.026 1735.98
3500 358.008 1605.35
4000 328.127 2138.33
4500 236.933 1550.08
5000 265.267 1948.6
5500 270.216 1600.87
6000 269.646 2343.95
6500 300.527 1465.24
7000 262.577 1929.49
7500 278.032 1761.51
8000 205.712 1453.97
8500 237.428 1433.77
9000 165.308 2226.34
9500 201.649 1540.88
10000 233.103 2155.1
10500 138.792 2221.65
11000 204.122 3586.03
11500 173.379 1407.2
12000 244.933 1111.5
12500 198.983 1875.47
13000 191.228 1380.68
13500 191.762 1140.22
14000 149.715 1175.26
14500 157.655 1400.87
