FileName	X	Y	Z	W	P	Q	R
FileName	X	Y	Z	W	P	Q	R
2017-11-08/IMG_4401.JPG	-177.395600	-0.082593	186.152700	0.617710	-0.137560	-0.762191	0.136295
2017-11-08/IMG_4410.JPG	-176.692900	-0.185695	176.525900	0.680389	-0.121957	-0.710425	0.132264
2017-11-08/IMG_4404.JPG	-176.730000	-0.209639	181.771800	0.646979	-0.112901	-0.745589	0.112998
2017-11-08/IMG_4407.JPG	-176.702800	-0.158869	179.118300	0.675325	-0.129954	-0.709703	0.152871
2017-11-08/IMG_4406.JPG	-176.691200	-0.290351	180.151800	0.689370	-0.146937	-0.693535	0.148957
2017-11-08/IMG_4411.JPG	-176.491400	-0.304214	175.831500	0.644945	-0.118273	-0.745795	0.117676
2017-11-08/IMG_4402.JPG	-176.866600	-0.132216	184.213300	0.675430	-0.126506	-0.715737	0.124544
2017-11-08/IMG_4403.JPG	-176.798800	-0.193812	182.892900	0.717856	-0.136912	-0.671829	0.120766
2017-11-08/IMG_4408.JPG	-176.656700	-0.324342	178.361000	0.738821	-0.130235	-0.645998	0.140959
2017-11-08/IMG_4405.JPG	-176.770900	-0.227374	180.973000	0.771860	-0.143697	-0.607295	0.121554
2017-11-08/IMG_4409.JPG	-176.687700	-0.348829	177.607200	0.792792	-0.141216	-0.582978	0.108057
2017-11-08/IMG_4419.JPG	-177.475100	-0.322428	175.139300	0.796573	-0.103744	-0.589478	0.084997
2017-11-08/IMG_4413.JPG	-176.617400	-0.338825	173.982600	0.811943	-0.162219	-0.550758	0.105356
2017-11-08/IMG_4412.JPG	-176.512400	-0.411290	175.094700	0.628236	-0.126340	-0.750805	0.160155
2017-11-08/IMG_4414.JPG	-177.223600	-0.190914	175.928000	0.526328	-0.102728	-0.830475	0.150790
2017-11-08/IMG_4418.JPG	-177.188500	-0.119338	175.909700	0.503457	-0.088207	-0.850509	0.124039
2017-11-08/IMG_4416.JPG	-177.223400	-0.108946	175.841100	0.468951	-0.075643	-0.869730	0.133916
2017-11-08/IMG_4400.JPG	-177.942500	-0.107816	187.595800	0.700003	-0.142556	-0.687917	0.128235
2017-11-08/IMG_4399.JPG	-178.451300	-0.131175	189.057100	0.677033	-0.156226	-0.705157	0.141329
2017-11-08/IMG_4398.JPG	-178.878300	-0.055092	190.445500	0.619093	-0.122928	-0.763805	0.134964
2017-11-08/IMG_4397.JPG	-179.487500	0.016609	191.842500	0.602959	-0.113861	-0.779170	0.127948
2017-11-08/IMG_4396.JPG	-179.911500	0.108194	192.945300	0.536038	-0.104936	-0.823184	0.154985
2017-11-08/IMG_4392.JPG	-182.687100	0.188831	195.659700	0.553860	-0.129893	-0.803287	0.176345
2017-11-08/IMG_4395.JPG	-180.031400	0.036353	193.818800	0.389820	-0.091138	-0.899028	0.177434
2017-11-08/IMG_4393.JPG	-181.568800	0.114208	195.358700	0.396455	-0.099906	-0.894623	0.180254
2017-11-08/IMG_4388.JPG	-188.259400	0.294998	196.307600	0.589521	-0.144449	-0.776684	0.168412
2017-11-08/IMG_4387.JPG	-189.830400	0.426119	196.422200	0.597340	-0.150605	-0.772641	0.153389
2017-11-08/IMG_4386.JPG	-190.934000	0.419202	196.617500	0.602652	-0.106092	-0.779882	0.131682
2017-11-08/IMG_4389.JPG	-186.861600	0.490721	196.043900	0.642537	-0.159541	-0.732891	0.156731
2017-11-08/IMG_4394.JPG	-180.931900	0.095163	194.621100	0.269670	-0.076098	-0.942420	0.182570
2017-11-08/IMG_4391.JPG	-183.598200	0.223403	195.857400	0.664414	-0.158581	-0.710686	0.168322
2017-11-08/IMG_4390.JPG	-184.962200	0.410062	195.987700	0.725145	-0.174328	-0.646464	0.160810
2017-11-08/IMG_4415.JPG	-177.355500	-0.194782	175.812300	0.365645	-0.085661	-0.910885	0.171043
2017-11-08/IMG_4420.JPG	-177.592400	-0.080729	174.425200	0.615742	-0.090848	-0.777497	0.090038
2017-11-08/IMG_4421.JPG	-177.912300	-0.007053	174.128000	0.414119	-0.038629	-0.907524	0.058432
2017-11-08/IMG_4425.JPG	-178.458700	0.014710	170.803100	0.548643	-0.048219	-0.830643	0.081845
2017-11-08/IMG_4417.JPG	-177.346700	-0.045154	175.907900	0.295662	-0.047284	-0.951261	0.073826
2017-11-08/IMG_4423.JPG	-178.064900	0.012609	173.079000	0.401456	-0.037723	-0.912587	0.067783
2017-11-08/IMG_4426.JPG	-178.474000	0.013973	169.426600	0.571187	-0.041284	-0.816963	0.067923
2017-11-08/IMG_4427.JPG	-178.684600	0.091104	168.391600	0.510500	-0.023418	-0.858853	0.034833
2017-11-08/IMG_4436.JPG	-178.460200	-0.022199	169.498000	0.643548	-0.026892	-0.763005	0.054290
2017-11-08/IMG_4422.JPG	-177.927100	-0.008049	173.897500	0.324135	-0.033116	-0.944657	0.038246
2017-11-08/IMG_4424.JPG	-178.399000	0.032755	171.894800	0.383245	-0.029529	-0.919662	0.080452
2017-11-08/IMG_4428.JPG	-178.691300	-0.290452	167.452000	0.723493	-0.101678	-0.677409	0.085654
2017-11-08/IMG_4429.JPG	-178.593500	-0.100007	167.076000	0.853722	-0.144487	-0.495161	0.071410
2017-11-08/IMG_4433.JPG	-178.609700	-0.031881	170.447800	0.822865	-0.033067	-0.566442	0.030701
2017-11-08/IMG_4435.JPG	-178.623700	-0.004893	170.500500	0.818162	-0.073262	-0.567084	0.060494
2017-11-08/IMG_4431.JPG	-178.532400	-0.015252	168.442800	0.857630	-0.036228	-0.510882	0.046465
2017-11-08/IMG_4430.JPG	-178.434800	-0.154328	167.588100	0.874654	-0.041897	-0.481444	0.037907
2017-11-08/IMG_4434.JPG	-178.504900	-0.037342	170.974100	0.888028	-0.075740	-0.452966	0.022193
2017-11-08/IMG_4443.JPG	-178.882100	0.138802	164.339100	0.911345	-0.117840	-0.390156	0.057813
2017-11-08/IMG_4442.JPG	-178.894200	0.093431	164.840300	0.840927	-0.149888	-0.512287	0.089094
2017-11-08/IMG_4444.JPG	-179.070000	-0.037533	163.096600	0.833481	-0.092444	-0.541277	0.061509
2017-11-08/IMG_4441.JPG	-178.673000	-0.041168	165.778500	0.745169	-0.057436	-0.663009	0.042942
2017-11-08/IMG_4445.JPG	-178.954200	0.004505	162.271800	0.735050	-0.034876	-0.674805	0.055890
2017-11-08/IMG_4432.JPG	-178.931800	-0.169029	169.970800	0.826827	-0.022216	-0.560983	0.034091
2017-11-08/IMG_4447.JPG	-178.858200	-0.002890	161.288100	0.679418	-0.053498	-0.729299	0.060429
2017-11-08/IMG_4452.JPG	-178.756600	-0.018202	159.291600	0.641733	-0.110558	-0.751828	0.103487
2017-11-08/IMG_4448.JPG	-178.880800	-0.022914	160.878400	0.545709	-0.092246	-0.819992	0.145967
2017-11-08/IMG_4456.JPG	-179.529800	0.057215	156.488000	0.833226	-0.143774	-0.524085	0.101972
2017-11-08/IMG_4457.JPG	-179.470700	-0.049291	155.514700	0.749929	-0.114653	-0.642330	0.108968
2017-11-08/IMG_4458.JPG	-179.545600	0.153919	154.865300	0.683437	-0.112878	-0.705816	0.148310
2017-11-08/IMG_4459.JPG	-179.471400	0.097064	154.037000	0.697288	-0.104289	-0.697680	0.127105
2017-11-08/IMG_4460.JPG	-179.663700	-0.099931	153.045100	0.819882	-0.138792	-0.545849	0.102861
2017-11-08/IMG_4461.JPG	-179.604100	0.108900	152.169800	0.744880	-0.117960	-0.645757	0.119320
2017-11-08/IMG_4462.JPG	-179.482700	0.090212	151.240600	0.719928	-0.120024	-0.672656	0.121784
2017-11-08/IMG_4455.JPG	-179.746100	-0.078585	157.308100	0.636838	-0.211827	-0.711544	0.208019
2017-11-08/IMG_4454.JPG	-179.511700	-0.026942	158.059700	0.552455	-0.134745	-0.811093	0.136984
2017-11-08/IMG_4451.JPG	-178.489800	-0.066517	159.656200	0.458396	-0.082735	-0.872678	0.146497
2017-11-08/IMG_4446.JPG	-178.924300	0.024697	161.852600	0.775668	0.032203	-0.630285	0.006603
2017-11-08/IMG_4440.JPG	-178.212200	0.010414	166.710300	0.582420	-0.053469	-0.810145	0.039917
2017-11-08/IMG_4463.JPG	-179.694900	-0.588951	150.561900	0.623643	-0.161980	-0.742563	0.182847
2017-11-08/IMG_4453.JPG	-179.200000	0.013743	158.590200	0.426526	-0.079360	-0.895764	0.096877
2017-11-08/IMG_4464.JPG	-180.234300	-0.003682	150.597800	0.568974	-0.236408	-0.730749	0.293915
2017-11-08/IMG_4466.JPG	-180.822200	0.195852	150.650100	0.535258	-0.226567	-0.760440	0.289651
2017-11-08/IMG_4437.JPG	-178.470700	0.088845	169.223500	0.490307	-0.008215	-0.871453	-0.010069
2017-11-08/IMG_4449.JPG	-178.665500	-0.052999	160.510000	0.356037	-0.112935	-0.899606	0.226258
2017-11-08/IMG_4473.JPG	-179.135700	-0.039658	157.250400	0.523247	-0.156877	-0.814134	0.196946
2017-11-08/IMG_4474.JPG	-178.981000	0.005568	157.638000	0.688876	-0.141352	-0.699312	0.128194
2017-11-08/IMG_4475.JPG	-178.731000	0.248110	157.335600	0.799229	-0.135969	-0.578733	0.088394
2017-11-08/IMG_4476.JPG	-178.924900	0.086126	157.641800	0.617112	-0.095683	-0.774483	0.100965
2017-11-08/IMG_4483.JPG	-179.856900	0.093908	154.567400	0.520684	-0.123559	-0.837623	0.109590
2017-11-08/IMG_4471.JPG	-178.919600	0.093504	156.274400	0.457403	-0.140569	-0.862394	0.165227
2017-11-08/IMG_4450.JPG	-178.545800	-0.011187	160.130700	0.298586	-0.120302	-0.891765	0.318009
2017-11-08/IMG_4468.JPG	-179.311700	0.130334	153.176600	0.463226	-0.084132	-0.874075	0.119737
2017-11-08/IMG_4467.JPG	-179.493300	0.164306	151.715900	0.490368	-0.040851	-0.870430	0.014916
2017-11-08/IMG_4438.JPG	-178.141900	0.142417	168.506400	0.326379	-0.021695	-0.944774	-0.020218
2017-11-08/IMG_4439.JPG	-177.899100	0.216229	166.762000	0.471208	-0.041835	-0.880982	0.009133
2017-11-08/IMG_4470.JPG	-178.937100	0.110849	155.545700	0.476149	-0.068871	-0.876243	0.027151
2017-11-08/IMG_4469.JPG	-179.204900	0.158980	154.229700	0.335167	-0.012416	-0.941670	0.027681
2017-11-08/IMG_4486.JPG	-180.774700	0.297898	151.642400	0.383955	-0.064400	-0.917726	0.078807
2017-11-08/IMG_4487.JPG	-181.470000	0.343733	150.895100	0.319286	-0.067072	-0.942403	0.073721
2017-11-08/IMG_4488.JPG	-182.120000	0.341177	150.417900	0.434036	-0.122433	-0.878273	0.158933
2017-11-08/IMG_4489.JPG	-183.465700	0.316187	149.471700	0.469134	-0.087468	-0.876660	0.061086
2017-11-08/IMG_4490.JPG	-183.934000	0.311346	149.340200	0.452764	-0.122496	-0.870425	0.149534
2017-11-08/IMG_4491.JPG	-184.217800	0.322205	149.089100	0.437238	-0.155303	-0.861360	0.206792
2017-11-08/IMG_4496.JPG	-184.968500	0.236290	145.351400	0.532576	-0.171763	-0.807003	0.188698
2017-11-08/IMG_4495.JPG	-184.248800	0.393055	145.967700	0.493180	-0.104494	-0.860056	0.078473
2017-11-08/IMG_4494.JPG	-183.690900	0.310786	147.478900	0.415310	-0.120957	-0.899301	0.064386
2017-11-08/IMG_4492.JPG	-184.052100	0.226939	148.764700	0.390197	-0.197119	-0.853644	0.283166
2017-11-08/IMG_4498.JPG	-184.890000	0.168717	143.709300	0.498805	-0.270464	-0.765567	0.303231
2017-11-08/IMG_4497.JPG	-185.111600	0.216783	144.726100	0.492088	-0.238613	-0.791027	0.274208
2017-11-08/IMG_4499.JPG	-184.875700	0.163566	142.658800	0.489049	-0.285278	-0.780888	0.263935
2017-11-08/IMG_4493.JPG	-184.164400	0.308087	148.347200	0.452300	-0.258634	-0.797432	0.304363
2017-11-08/IMG_4500.JPG	-185.075700	0.193950	141.444500	0.504089	-0.175802	-0.841698	0.080823
2017-11-08/IMG_4503.JPG	-185.760300	0.229987	138.205400	0.559651	-0.188161	-0.794341	0.142857
2017-11-08/IMG_4504.JPG	-185.916000	0.235866	136.767200	0.599594	-0.273145	-0.676794	0.328373
2017-11-08/IMG_4505.JPG	-185.959300	0.231221	135.610200	0.637302	-0.181448	-0.722916	0.195741
2017-11-08/IMG_4501.JPG	-185.226500	0.152978	140.575200	0.486948	-0.119484	-0.865205	-0.005133
2017-11-08/IMG_4502.JPG	-185.475600	0.204788	139.429200	0.536780	-0.087974	-0.838867	-0.020739
2017-11-08/IMG_4506.JPG	-185.983100	0.272049	134.183700	0.598846	-0.093282	-0.795413	0.000736
2017-11-08/IMG_4484.JPG	-179.836900	0.222957	153.343900	0.466320	-0.105195	-0.872900	0.097596
2017-11-08/IMG_4482.JPG	-179.612600	0.125288	155.504100	0.413483	-0.085346	-0.903987	0.067501
2017-11-08/IMG_4485.JPG	-180.190600	0.206872	152.613800	0.475517	-0.179389	-0.830678	0.227328
2017-11-08/IMG_4481.JPG	-179.212100	0.131351	156.516000	0.270488	-0.077535	-0.954368	0.100036
2017-11-08/IMG_4477.JPG	-179.042100	0.070759	157.448800	0.283944	-0.056671	-0.953031	0.088862
2017-11-08/IMG_4480.JPG	-179.238300	0.116652	157.159400	0.239338	-0.089119	-0.948094	0.189454
2017-11-08/IMG_4478.JPG	-179.147900	0.031090	157.480000	0.234564	-0.096564	-0.935265	0.246852
2017-11-08/IMG_4472.JPG	-179.042600	0.128369	156.819300	0.281474	-0.144668	-0.899207	0.302109
2017-11-08/IMG_4479.JPG	-179.195800	0.101936	157.610500	0.237946	-0.125180	-0.895321	0.355123
2018-07-19/IMG_20180719_192253.jpg	-167.451600	0.083642	196.523800	0.446218	-0.098685	-0.878108	0.141698
2018-07-19/IMG_20180719_192259.jpg	-170.220500	0.025685	196.014600	0.367006	-0.101280	-0.915627	0.129140
2018-07-19/IMG_20180719_192255.jpg	-168.256100	0.103594	196.648500	0.407416	-0.094300	-0.894317	0.159112
2018-07-19/IMG_20180719_192256.jpg	-168.880600	0.039047	196.502300	0.412793	-0.089151	-0.892724	0.157153
2018-07-19/IMG_20180719_192257.jpg	-169.256800	-0.012732	196.191300	0.385467	-0.091003	-0.905487	0.152403
2018-07-19/IMG_20180719_192300.jpg	-170.791400	0.005398	195.662400	0.347930	-0.094858	-0.923434	0.131213
2018-07-19/IMG_20180719_192200.jpg	-170.856900	-0.054164	199.172900	0.320996	-0.087725	-0.929059	0.161604
2018-07-19/IMG_20180719_192157.jpg	-173.612500	-0.134011	199.137700	0.348691	-0.087177	-0.919630	0.158414
2018-07-19/IMG_20180719_192155.jpg	-174.937900	-0.055468	199.437100	0.406430	-0.108737	-0.895955	0.142319
2018-07-19/IMG_20180719_192202.jpg	-169.272900	-0.060094	199.099300	0.302737	-0.093320	-0.938313	0.138604
2018-07-19/IMG_20180719_192204.jpg	-167.382400	-0.004544	199.404900	0.367786	-0.140668	-0.909492	0.133306
2018-07-19/IMG_20180719_192301.jpg	-171.392000	-0.015600	195.347000	0.330000	-0.060296	-0.933874	0.123874
2018-07-19/IMG_20180719_192302.jpg	-172.462200	0.061722	195.262300	0.307960	-0.059280	-0.942099	0.118730
2018-07-19/IMG_20180719_192304.jpg	-173.397600	0.196825	195.344000	0.294722	-0.053739	-0.947146	0.114747
2018-07-19/IMG_20180719_192305.jpg	-173.651500	0.064746	194.762200	0.282973	-0.058577	-0.949123	0.125141
2018-07-19/IMG_20180719_192306.jpg	-174.128500	0.079850	194.261300	0.280084	-0.038403	-0.951361	0.122435
2018-07-19/IMG_20180719_192158.jpg	-173.004900	0.124286	199.548600	0.284824	-0.095123	-0.940007	0.161903
2018-07-19/IMG_20180719_192205.jpg	-166.433900	-0.020176	199.475800	0.384457	-0.131285	-0.899590	0.160294
2018-07-19/IMG_20180719_192252.jpg	-166.775300	-0.012793	196.448000	0.472346	-0.111421	-0.860374	0.155662
2018-07-19/IMG_20180719_192251.jpg	-166.149400	0.095099	196.809600	0.485760	-0.141711	-0.848702	0.153822
2018-07-19/IMG_20180719_192153.jpg	-176.925800	0.060112	199.646100	0.464474	-0.114617	-0.863055	0.162058
2018-07-19/IMG_20180719_192319.jpg	-169.458800	0.016028	188.686300	0.360349	-0.101944	-0.916968	0.137575
2018-07-19/IMG_20180719_192318.jpg	-170.044700	-0.133260	188.564500	0.354603	-0.120050	-0.917535	0.134068
2018-07-19/IMG_20180719_192317.jpg	-171.150900	-0.072313	188.773500	0.343997	-0.106191	-0.923375	0.133296
2018-07-19/IMG_20180719_192315.jpg	-172.036400	-0.038834	188.865200	0.335030	-0.095006	-0.929599	0.120722
2018-07-19/IMG_20180719_192321.jpg	-168.248200	-0.034671	188.539900	0.404683	-0.093790	-0.899888	0.132803
2018-07-19/IMG_20180719_192314.jpg	-172.726500	-0.070758	189.175800	0.332849	-0.080485	-0.930751	0.128202
2018-07-19/IMG_20180719_192310.jpg	-173.387300	-0.045616	191.338400	0.254197	-0.081421	-0.957958	0.105220
2018-07-19/IMG_20180719_192308.jpg	-174.955200	0.478759	194.137000	0.192432	-0.056500	-0.976107	0.083626
2018-07-19/IMG_20180719_192312.jpg	-173.739100	0.146113	190.559700	0.243823	-0.090058	-0.956999	0.128817
2018-07-19/IMG_20180719_192322.jpg	-167.356700	0.048859	188.693500	0.428402	-0.127124	-0.882945	0.143942
2018-07-19/IMG_20180719_192323.jpg	-166.540200	0.153581	188.900900	0.484718	-0.137296	-0.854483	0.126717
2018-07-19/IMG_20180719_192403.jpg	-164.597900	-0.030211	182.164800	0.348158	-0.112128	-0.918759	0.148644
2018-07-19/IMG_20180719_192410.jpg	-168.913200	0.097973	181.171100	0.274460	-0.104214	-0.942271	0.161048
2018-07-19/IMG_20180719_192409.jpg	-168.344500	0.146851	181.364200	0.252467	-0.075285	-0.949603	0.169846
2018-07-19/IMG_20180719_192411.jpg	-169.627900	0.093009	181.127000	0.264287	-0.118291	-0.943208	0.162843
2018-07-19/IMG_20180719_192413.jpg	-171.742900	0.117183	181.012300	0.279894	-0.081596	-0.946986	0.134980
2018-07-19/IMG_20180719_192415.jpg	-172.889200	0.132717	181.076900	0.261079	-0.094410	-0.947972	0.155803
2018-07-19/IMG_20180719_192417.jpg	-173.322400	0.070000	180.592800	0.331504	-0.073217	-0.920948	0.191307
2018-07-19/IMG_20180719_192407.jpg	-167.571900	0.141561	181.565700	0.330608	-0.077081	-0.927491	0.156583
2018-07-19/IMG_20180719_192406.jpg	-166.054400	-0.161701	181.472000	0.327879	-0.082327	-0.917961	0.207522
2018-07-19/IMG_20180719_192425.jpg	-175.382200	-0.037664	179.324800	0.369393	-0.113121	-0.903963	0.183310
2018-07-19/IMG_20180719_192427.jpg	-175.227400	-0.066103	178.288700	0.386423	-0.105409	-0.897999	0.182112
2018-07-19/IMG_20180719_192429.jpg	-175.047000	-0.024487	177.611100	0.460391	-0.132696	-0.861550	0.167820
2018-07-19/IMG_20180719_192430.jpg	-174.420200	-0.151427	176.538900	0.484404	-0.125186	-0.852691	0.150329
2018-07-19/IMG_20180719_192431.jpg	-174.732000	0.041680	176.194000	0.535866	-0.151006	-0.818478	0.141912
2018-07-19/IMG_20180719_192405.jpg	-165.682300	0.061893	182.077500	0.348007	-0.129379	-0.908284	0.192802
2018-07-19/IMG_20180719_192401.jpg	-163.505200	-0.036329	182.662000	0.400347	-0.122514	-0.889922	0.180973
2018-07-19/IMG_20180719_192151_1.jpg	-178.460300	0.043406	199.809300	0.544075	-0.134417	-0.819311	0.121015
2018-07-19/IMG_20180719_192151.jpg	-178.577800	0.070000	199.647400	0.545827	-0.122337	-0.820143	0.120295
2018-07-19/IMG_20180719_192207.jpg	-165.575900	0.073593	199.681700	0.433334	-0.159545	-0.870268	0.171469
2018-07-19/IMG_20180719_192148.jpg	-181.018000	-0.084270	199.496800	0.593359	-0.136499	-0.783003	0.127278
2018-07-19/IMG_20180719_192146.jpg	-181.492400	-0.177054	198.976500	0.616702	-0.139578	-0.763288	0.132622
2018-07-19/IMG_20180719_192150.jpg	-179.637300	0.129287	199.367700	0.593789	-0.151468	-0.775263	0.153098
2018-07-19/IMG_20180719_192248.jpg	-164.546100	-0.017337	196.882700	0.514712	-0.168490	-0.821784	0.177072
2018-07-19/IMG_20180719_192246.jpg	-163.690800	-0.001842	196.919300	0.533020	-0.186109	-0.803051	0.190691
2018-07-19/IMG_20180719_192324.jpg	-165.035000	0.196605	188.529000	0.552951	-0.185500	-0.797323	0.155275
2018-07-19/IMG_20180719_192327.jpg	-163.619600	0.098151	188.744400	0.563163	-0.150054	-0.797257	0.157201
2018-07-19/IMG_20180719_192328.jpg	-162.597700	0.057680	188.693700	0.577069	-0.178295	-0.781713	0.155330
2018-07-19/IMG_20180719_192245.jpg	-162.789300	-0.150397	196.834500	0.561650	-0.212911	-0.777427	0.186614
2018-07-19/IMG_20180719_192329.jpg	-161.643500	-0.023951	188.654400	0.632396	-0.224415	-0.723962	0.159974
2018-07-19/IMG_20180719_192208.jpg	-164.314300	-0.002666	199.481600	0.513057	-0.180922	-0.816483	0.193378
2018-07-19/IMG_20180719_192434.jpg	-174.764700	0.314780	175.937200	0.682816	-0.169662	-0.699866	0.123148
2018-07-19/IMG_20180719_192435.jpg	-174.091800	0.382197	175.582700	0.699233	-0.174372	-0.685548	0.103403
2018-07-19/IMG_20180719_192359.jpg	-162.452500	0.125756	182.924800	0.562521	-0.188413	-0.787835	0.165490
2018-07-19/IMG_20180719_192354.jpg	-161.279500	-0.085577	182.696600	0.673921	-0.159451	-0.706872	0.144008
2018-07-19/IMG_20180719_192210.jpg	-163.211600	-0.188653	199.550600	0.569786	-0.200859	-0.776449	0.179240
2018-07-19/IMG_20180719_192243.jpg	-161.726100	-0.205930	197.096500	0.603893	-0.207209	-0.750742	0.169601
2018-07-19/IMG_20180719_192351.jpg	-159.970800	-0.166589	182.933200	0.701780	-0.210916	-0.665571	0.141544
2018-07-19/IMG_20180719_192241.jpg	-160.637100	-0.236677	197.441200	0.612742	-0.212795	-0.743698	0.161797
2018-07-19/IMG_20180719_192211.jpg	-162.347100	-0.191971	199.638700	0.612638	-0.217166	-0.740964	0.168782
2018-07-19/IMG_20180719_192240.jpg	-159.843000	-0.181293	197.889200	0.586018	-0.234961	-0.753231	0.184445
2018-07-19/IMG_20180719_192436.jpg	-173.244500	0.012515	175.429300	0.784830	-0.190696	-0.582905	0.088876
2018-07-19/IMG_20180719_192249.jpg	-165.337100	0.062410	196.673900	0.476936	-0.189750	-0.833736	0.203498
2018-07-19/IMG_20180719_192238.jpg	-158.921200	-0.191458	198.245700	0.628478	-0.234929	-0.717735	0.186228
2018-07-19/IMG_20180719_192234.jpg	-158.401100	-0.198817	198.289800	0.662879	-0.251815	-0.676936	0.197327
2018-07-19/IMG_20180719_192231.jpg	-158.791400	-0.225607	198.925500	0.672463	-0.245603	-0.667480	0.204801
2018-07-19/IMG_20180719_192228.jpg	-158.984900	-0.158846	199.494400	0.689463	-0.262373	-0.636270	0.225745
2018-07-19/IMG_20180719_192212.jpg	-161.215100	-0.126678	200.061800	0.669305	-0.269508	-0.667233	0.184922
2018-07-19/IMG_20180719_192226.jpg	-159.247200	-0.277863	200.150700	0.729634	-0.281989	-0.587189	0.208148
2018-07-19/IMG_20180719_192215.jpg	-160.367000	-0.230914	200.353600	0.735229	-0.278895	-0.595326	0.165054
2018-07-19/IMG_20180719_192221.jpg	-159.859700	-0.294761	200.303000	0.773636	-0.342003	-0.496355	0.195330
2018-07-19/IMG_20180719_192223.jpg	-159.895800	-0.262183	200.389000	0.797515	-0.367350	-0.444179	0.178127
2018-07-19/IMG_20180719_192349_1.jpg	-159.304300	0.001597	183.506800	0.777463	-0.199495	-0.591412	0.077361
2018-07-19/IMG_20180719_192334.jpg	-159.005800	0.075572	189.067500	0.803228	-0.256863	-0.522690	0.125064
2018-07-19/IMG_20180719_192335.jpg	-158.889500	-0.041060	189.118100	0.839513	-0.259063	-0.465047	0.108790
2018-07-19/IMG_20180719_192340.jpg	-158.894700	0.012029	188.539400	0.847238	-0.233694	-0.470931	0.076153
2018-07-19/IMG_20180719_192343.jpg	-159.143600	0.109888	187.071000	0.841428	-0.238848	-0.473352	0.104346
2018-07-19/IMG_20180719_192341.jpg	-158.983200	0.110412	187.977900	0.853720	-0.217504	-0.465788	0.083043
2018-07-19/IMG_20180719_192345.jpg	-159.328300	0.070643	185.678400	0.847089	-0.205074	-0.480291	0.098517
2018-07-19/IMG_20180719_192347.jpg	-159.484000	0.071055	184.579400	0.863026	-0.212193	-0.452183	0.075435
2018-07-19/IMG_20180719_192349.jpg	-159.422100	0.081019	184.012100	0.825520	-0.205963	-0.515356	0.102493
2018-07-19/IMG_20180719_192438.jpg	-172.174200	0.019039	175.225700	0.854113	-0.197792	-0.477657	0.056679
2018-07-19/IMG_20180719_192439.jpg	-171.048600	-0.075439	175.415800	0.882408	-0.177315	-0.433325	0.046318
2018-07-19/IMG_20180719_192441.jpg	-170.575500	0.061993	175.129800	0.916941	-0.164236	-0.362138	0.033193
2018-07-19/IMG_20180719_192443.jpg	-168.925800	0.097967	175.246300	0.921463	-0.166964	-0.349751	0.026527
2018-07-19/IMG_20180719_192442.jpg	-169.713800	0.051000	175.201900	0.927532	-0.177898	-0.326969	0.033598
2018-07-19/IMG_20180719_192445.jpg	-167.774900	0.075484	175.333900	0.923443	-0.170054	-0.342948	0.026849
2018-07-19/IMG_20180719_192446.jpg	-166.899200	0.185777	175.168400	0.927775	-0.184731	-0.322510	0.033089
2018-07-19/IMG_20180719_192448.jpg	-165.988000	0.307330	174.720500	0.936784	-0.192368	-0.291484	0.021644
2018-07-19/IMG_20180719_192449.jpg	-165.028500	0.256759	174.782400	0.939782	-0.190663	-0.282577	0.024642
2018-07-19/IMG_20180719_192451.jpg	-163.125700	0.001786	175.432300	0.949490	-0.207660	-0.235040	-0.010163
2018-07-19/IMG_20180719_192453.jpg	-161.498700	-0.005706	174.932000	0.950383	-0.171051	-0.259619	0.010569
2018-07-19/IMG_20180719_192455.jpg	-160.185900	0.047856	174.604300	0.948679	-0.204020	-0.241525	0.007019
2018-07-19/IMG_20180719_192454.jpg	-160.935100	0.038041	174.515400	0.960675	-0.179222	-0.211995	-0.006479
2018-07-19/IMG_20180719_192543.jpg	-171.701200	0.101291	164.585100	0.908264	-0.155304	-0.387638	0.025979
2018-07-19/IMG_20180719_192545.jpg	-172.470700	0.083314	164.321700	0.902739	-0.130255	-0.409996	-0.000201
2018-07-19/IMG_20180719_192542.jpg	-170.986000	0.014110	165.527900	0.900684	-0.166127	-0.400588	0.026460
2018-07-19/IMG_20180719_192540.jpg	-170.432000	0.249412	165.164500	0.880119	-0.166254	-0.443029	0.038412
2018-07-19/IMG_20180719_192537.jpg	-168.683700	0.029961	166.479200	0.909855	-0.163692	-0.379944	0.031797
2018-07-19/IMG_20180719_192535.jpg	-168.233000	0.082377	166.764900	0.910049	-0.163652	-0.380023	0.024727
2018-07-19/IMG_20180719_192534.jpg	-167.329900	0.021411	167.028300	0.897173	-0.156048	-0.412001	0.031392
2018-07-19/IMG_20180719_192550.jpg	-175.047000	0.117688	164.129900	0.908487	-0.130240	-0.397083	-0.003658
2018-07-19/IMG_20180719_192549.jpg	-174.826300	0.250487	163.943400	0.879932	-0.132187	-0.455440	0.028642
2018-07-19/IMG_20180719_192547.jpg	-173.575400	0.256567	164.105600	0.877003	-0.132467	-0.460041	0.041000
2018-07-19/IMG_20180719_192557.jpg	-176.076400	0.035643	162.358000	0.914378	-0.123346	-0.385377	0.013529
2018-07-19/IMG_20180719_192556.jpg	-176.578700	0.067494	162.531200	0.936915	-0.140834	-0.319780	0.009813
2018-07-19/IMG_20180719_192559.jpg	-175.939500	-0.031400	161.413100	0.920726	-0.111630	-0.373864	0.005366
2018-07-19/IMG_20180719_192605.jpg	-175.879500	0.205605	158.152400	0.911120	-0.128039	-0.391741	0.002374
2018-07-19/IMG_20180719_192603.jpg	-176.523200	0.172323	158.929400	0.891073	-0.153190	-0.426807	0.018906
2018-07-19/IMG_20180719_192601.jpg	-176.564200	0.197615	159.683000	0.902067	-0.128922	-0.411336	0.021357
2018-07-19/IMG_20180719_192529.jpg	-165.104400	0.026839	167.515200	0.925711	-0.182280	-0.330774	0.020543
2018-07-19/IMG_20180719_192531.jpg	-166.068900	0.021964	167.282800	0.926045	-0.158102	-0.341880	0.023729
2018-07-19/IMG_20180719_192606.jpg	-174.632800	0.070000	158.364000	0.934721	-0.136574	-0.327299	-0.022772
2018-07-19/IMG_20180719_192528.jpg	-164.297600	0.052891	167.856800	0.905358	-0.195905	-0.376731	0.004791
2018-07-19/IMG_20180719_192526.jpg	-163.279300	0.046597	168.378500	0.918024	-0.166853	-0.359699	-0.002794
2018-07-19/IMG_20180719_192610.jpg	-172.021500	0.231719	158.407500	0.897353	-0.161744	-0.410317	0.015360
2018-07-19/IMG_20180719_192538.jpg	-168.966800	0.076440	165.934700	0.910262	-0.165661	-0.378760	0.022794
2018-07-19/IMG_20180719_192608.jpg	-173.409200	0.308795	157.933800	0.890018	-0.135789	-0.435233	-0.001671
2018-07-19/IMG_20180719_192524.jpg	-162.532600	0.143809	168.606900	0.905845	-0.183167	-0.380695	0.031097
2018-07-19/IMG_20180719_192521.jpg	-161.293000	0.046735	168.890100	0.884502	-0.168215	-0.428686	0.074754
2018-07-19/IMG_20180719_192612.jpg	-170.896100	0.158205	158.217300	0.949637	-0.146404	-0.277044	-0.001737
2018-07-19/IMG_20180719_192613.jpg	-169.586000	0.050476	158.599100	0.942787	-0.165688	-0.288806	-0.017091
2018-07-19/IMG_20180719_192519.jpg	-160.668500	0.124548	168.805900	0.860551	-0.168994	-0.475165	0.071495
2018-07-19/IMG_20180719_192617.jpg	-167.015000	0.109182	158.672300	0.938655	-0.146904	-0.311977	-0.003938
2018-07-19/IMG_20180719_192620.jpg	-165.498500	0.077781	158.703100	0.960212	-0.142286	-0.240210	0.006852
2018-07-19/IMG_20180719_192622.jpg	-164.448200	0.142375	158.763200	0.955347	-0.160156	-0.246395	0.030839
2018-07-19/IMG_20180719_192624.jpg	-163.855900	0.088360	158.789200	0.955667	-0.161607	-0.242991	0.039224
2018-07-19/IMG_20180719_192625.jpg	-162.868300	0.025779	158.953600	0.948867	-0.193033	-0.247427	0.034215
2018-07-19/IMG_20180719_192627.jpg	-161.975500	0.095576	158.858700	0.946063	-0.182146	-0.264896	0.040226
2018-07-19/IMG_20180719_192629.jpg	-160.851200	0.091099	158.808300	0.939059	-0.211999	-0.265702	0.051257
2018-07-19/IMG_20180719_192630.jpg	-159.951800	0.101496	158.793200	0.944376	-0.168676	-0.280742	0.029787
2018-07-19/IMG_20180719_192736.jpg	-172.157500	0.045692	148.735900	0.918357	-0.136584	-0.367330	0.055086
2018-07-19/IMG_20180719_192731.jpg	-171.567400	0.080016	148.999600	0.927537	-0.124259	-0.350943	0.032778
2018-07-19/IMG_20180719_192740.jpg	-173.565900	0.050244	148.207900	0.928004	-0.131141	-0.347059	0.034090
2018-07-19/IMG_20180719_192739.jpg	-172.916000	0.030897	148.518100	0.931357	-0.127464	-0.340574	0.018331
2018-07-19/IMG_20180719_192744.jpg	-175.042600	0.033214	147.622300	0.906652	-0.130696	-0.396555	0.060370
2018-07-19/IMG_20180719_192742.jpg	-174.457000	-0.003562	147.839600	0.918041	-0.117365	-0.377536	0.029884
2018-07-19/IMG_20180719_192748.jpg	-176.023500	0.104885	147.285800	0.894298	-0.114315	-0.429336	0.053232
2018-07-19/IMG_20180719_192749.jpg	-176.890500	0.173047	146.787000	0.896750	-0.107802	-0.427725	0.035635
2018-07-19/IMG_20180719_192752.jpg	-177.561000	0.126079	146.601200	0.897928	-0.118661	-0.423671	0.012212
2018-07-19/IMG_20180719_192758.jpg	-179.190500	0.115866	145.534200	0.904305	-0.107593	-0.412778	0.016451
2018-07-19/IMG_20180719_192805.jpg	-180.487900	0.009297	143.302700	0.923398	-0.106095	-0.368856	-0.005080
2018-07-19/IMG_20180719_192801.jpg	-179.331800	0.058268	145.020600	0.930793	-0.087758	-0.354755	0.008522
2018-07-19/IMG_20180719_192802.jpg	-180.274500	0.096007	144.141300	0.898629	-0.162809	-0.404480	0.048534
2018-07-19/IMG_20180719_192755.jpg	-178.909800	0.275057	145.359900	0.894211	-0.106569	-0.434769	0.002400
2018-07-19/IMG_20180719_192728.jpg	-169.857400	0.061935	149.260300	0.932480	-0.135642	-0.334067	0.021940
2018-07-19/IMG_20180719_192724.jpg	-168.265200	0.084899	149.705900	0.922627	-0.105715	-0.367557	0.049865
2018-07-19/IMG_20180719_192722.jpg	-167.392500	0.099830	149.813700	0.933670	-0.120556	-0.334726	0.041049
2018-07-19/IMG_20180719_192720_1.jpg	-166.498700	0.017852	149.967200	0.934380	-0.133465	-0.327953	0.039590
2018-07-19/IMG_20180719_192720.jpg	-166.307400	0.014198	149.970700	0.934136	-0.141890	-0.323028	0.053953
2018-07-19/IMG_20180719_192730.jpg	-170.765200	0.036277	149.181400	0.918226	-0.152449	-0.361741	0.052569
2018-07-19/IMG_20180719_192806.jpg	-180.036000	-0.002139	143.406700	0.916435	-0.097644	-0.387426	0.022677
2018-07-19/IMG_20180719_192711.jpg	-161.134200	-0.013145	150.682300	0.939520	-0.163979	-0.298157	0.038927
2018-07-19/IMG_20180719_192710.jpg	-160.317900	-0.006698	150.954600	0.942828	-0.157567	-0.290794	0.041076
2018-07-19/IMG_20180719_192705.jpg	-159.048800	0.025663	152.403200	0.947967	-0.165948	-0.270571	0.024716
2018-07-19/IMG_20180719_192707.jpg	-159.168800	0.025452	151.733000	0.951695	-0.176961	-0.249212	0.029245
2018-07-19/IMG_20180719_192654.jpg	-158.536800	0.102465	154.084200	0.934282	-0.198375	-0.290975	0.055663
2018-07-19/IMG_20180719_192648.jpg	-158.320800	0.107344	154.589100	0.941835	-0.185355	-0.279287	0.024278
2018-07-19/IMG_20180719_192644.jpg	-158.098900	0.129784	155.190000	0.935266	-0.201019	-0.291293	0.004280
2018-07-19/IMG_20180719_192708.jpg	-159.554400	-0.002695	151.577700	0.941824	-0.190224	-0.276771	0.013433
2018-07-19/IMG_20180719_192640.jpg	-157.834300	0.104800	156.853800	0.947762	-0.178933	-0.262711	-0.026697
2018-07-19/IMG_20180719_192633.jpg	-157.877600	0.104191	158.950600	0.961322	-0.133423	-0.238048	0.037309
2018-07-19/IMG_20180719_192715.jpg	-163.803300	-0.004730	150.320600	0.934941	-0.139233	-0.319607	0.065964
2018-07-19/IMG_20180719_192635.jpg	-157.340000	0.115360	158.765300	0.941524	-0.140353	-0.305945	0.015195
2018-07-19/IMG_20180719_192638.jpg	-157.820000	0.077117	158.006600	0.923901	-0.138822	-0.355934	-0.021117
2018-07-19/IMG_20180719_192642.jpg	-158.189000	0.009729	155.570600	0.931852	-0.176736	-0.316483	-0.015974
2018-07-19/IMG_20180719_192512.jpg	-157.095000	0.005029	170.643900	0.947174	-0.188218	-0.259615	0.006014
2018-07-19/IMG_20180719_192510.jpg	-157.127800	-0.023813	171.443300	0.934284	-0.216990	-0.282821	-0.006336
2018-07-19/IMG_20180719_192508.jpg	-157.010800	0.052637	172.311100	0.930188	-0.203323	-0.305626	-0.001930
2018-07-19/IMG_20180719_192515.jpg	-158.141500	0.072255	169.707300	0.903902	-0.184202	-0.378789	0.074495
2018-07-19/IMG_20180719_192500.jpg	-156.996000	-0.036099	174.735600	0.940396	-0.229077	-0.250895	0.015196
2018-07-19/IMG_20180719_192506.jpg	-156.970800	0.011931	174.082400	0.937982	-0.232113	-0.255590	0.031416
2018-07-19/IMG_20180719_192507.jpg	-156.798000	-0.085722	173.479100	0.941508	-0.231310	-0.244568	0.015658
2018-07-19/IMG_20180719_192458.jpg	-158.075200	-0.019554	174.769800	0.919840	-0.223811	-0.317002	0.057561
2018-07-19/IMG_20180719_192513.jpg	-157.066300	0.049569	170.312700	0.940785	-0.153657	-0.301490	0.020430
2018-07-19/IMG_20180719_192615.jpg	-168.452300	0.190129	158.798600	0.928233	-0.157962	-0.336084	0.021898
2018-07-19/IMG_20180719_192719.jpg	-165.564700	0.061081	150.400700	0.915460	-0.169406	-0.356426	0.078707
2018-07-19/IMG_20180719_192553.jpg	-176.024900	0.134553	163.238800	0.913649	-0.117370	-0.388734	0.018849
2018-07-19/IMG_20180719_192632.jpg	-158.999600	0.049033	158.798200	0.948822	-0.168816	-0.266460	0.015407
2018-07-19/IMG_20180719_192517.jpg	-159.488800	-0.013701	169.227700	0.864851	-0.149640	-0.476326	0.052489
2018-07-19/IMG_20180719_192332.jpg	-159.574400	0.050982	188.946100	0.755673	-0.251842	-0.590247	0.130930
2018-07-19/IMG_20180719_192717.jpg	-164.546400	0.141910	149.955000	0.924212	-0.129956	-0.356498	0.043050
2018-07-19/IMG_20180719_192726.jpg	-168.912800	0.126979	149.520300	0.926687	-0.132165	-0.349261	0.042436
2018-07-19/IMG_20180719_192419.jpg	-174.835100	0.182701	180.272400	0.326398	-0.078118	-0.932321	0.134683
2018-07-19/IMG_20180719_192713.jpg	-162.090700	0.126777	150.539500	0.924871	-0.157650	-0.341315	0.057127
2018-07-19/IMG_20180719_192803.jpg	-180.500900	-0.511538	143.913300	0.928306	-0.159602	-0.335819	-0.000962
2018-07-19/IMG_20180719_192457.jpg	-157.895800	-0.628226	175.851500	0.940917	-0.193673	-0.275264	0.037365
2018-07-19/IMG_20180719_192331.jpg	-160.611700	-0.346429	189.014700	0.681791	-0.241515	-0.668700	0.172254