FileName	X	Y	Z	W	P	Q	R
FileName	X	Y	Z	W	P	Q	R
2017-11-08/IMG_4576.JPG	-64.943850	1.589715	-88.102200	0.695480	-0.056560	-0.711962	0.078856
2017-11-08/IMG_4581.JPG	-64.445990	1.572480	-95.643120	0.710603	-0.039072	-0.699983	0.059510
2017-11-08/IMG_4582.JPG	-64.424610	1.543826	-96.708470	0.743096	-0.055916	-0.664040	0.061108
2017-11-08/IMG_4583.JPG	-64.501990	1.498293	-98.012990	0.730169	-0.068637	-0.676534	0.066661
2017-11-08/IMG_4584.JPG	-64.681370	1.559769	-98.926030	0.741739	-0.039490	-0.666692	0.061527
2017-11-08/IMG_4585.JPG	-65.029340	1.603194	-100.015700	0.752373	-0.058992	-0.651748	0.075364
2017-11-08/IMG_4580.JPG	-64.440550	1.586820	-94.397430	0.726599	-0.048114	-0.680186	0.084186
2017-11-08/IMG_4577.JPG	-64.908460	1.594395	-89.284520	0.709201	-0.038506	-0.699011	0.083278
2017-11-08/IMG_4578.JPG	-65.029750	1.608721	-90.672690	0.671836	-0.053639	-0.734986	0.074532
2017-11-08/IMG_4575.JPG	-64.881670	1.539945	-86.470000	0.676146	-0.066599	-0.727993	0.091746
2017-11-08/IMG_4574.JPG	-65.009260	1.601538	-85.357700	0.661315	-0.078713	-0.741506	0.081457
2017-11-08/IMG_4586.JPG	-65.211430	1.604772	-101.415200	0.752782	-0.059695	-0.652554	0.062685
2017-11-08/IMG_4587.JPG	-65.455390	1.667958	-102.540900	0.771799	-0.047043	-0.629690	0.074855
2017-11-08/IMG_4588.JPG	-65.669780	1.721000	-103.586500	0.792045	-0.033326	-0.605915	0.066496
2017-11-08/IMG_4573.JPG	-65.015300	1.656851	-83.855690	0.643067	-0.045132	-0.760730	0.075616
2017-11-08/IMG_4572.JPG	-65.016350	1.557518	-82.596720	0.671920	-0.073266	-0.731227	0.091991
2017-11-08/IMG_4571.JPG	-65.286970	1.569736	-81.072150	0.653632	-0.075657	-0.748003	0.086790
2017-11-08/IMG_4570.JPG	-65.564410	1.555844	-80.266590	0.651992	-0.061058	-0.750244	0.091171
2017-11-08/IMG_4569.JPG	-65.356050	1.610000	-78.279530	0.648916	-0.056393	-0.755498	0.070358
2017-11-08/IMG_4568.JPG	-65.110240	1.526479	-77.245370	0.599870	-0.067154	-0.794854	0.062071
2017-11-08/IMG_4567.JPG	-65.503940	1.673397	-76.033520	0.613272	-0.056516	-0.783860	0.079169
2017-11-08/IMG_4590.JPG	-66.062610	1.696554	-105.690100	0.808095	-0.030597	-0.583879	0.071638
2017-11-08/IMG_4591.JPG	-66.284310	1.724982	-106.787800	0.801582	-0.041865	-0.588752	0.095313
2017-11-08/IMG_4592.JPG	-66.293220	1.673701	-107.877700	0.808379	-0.030988	-0.581268	0.087697
2017-11-08/IMG_4593.JPG	-66.280460	1.588349	-108.958400	0.810561	-0.029898	-0.582438	0.053515
2017-11-08/IMG_4594.JPG	-66.316380	1.680439	-110.099600	0.842937	-0.029135	-0.534239	0.056552
2017-11-08/IMG_4595.JPG	-66.329170	1.756615	-111.169800	0.844475	-0.037565	-0.531570	0.053706
2017-11-08/IMG_4596.JPG	-66.246150	1.684818	-112.447100	0.835328	-0.027612	-0.545879	0.058991
2017-11-08/IMG_4597.JPG	-65.923080	1.653052	-113.412500	0.830453	-0.024358	-0.554748	0.044825
2017-11-08/IMG_4598.JPG	-65.680020	1.627873	-114.610800	0.849943	-0.017522	-0.525900	0.026817
2017-11-08/IMG_4599.JPG	-65.736500	1.712713	-115.744200	0.841072	-0.014117	-0.539157	0.041341
2017-11-08/IMG_4600.JPG	-65.763150	1.629430	-116.859800	0.842372	0.000287	-0.536752	0.048032
2017-11-08/IMG_4601.JPG	-65.645550	1.750387	-117.996800	0.868322	0.006383	-0.494052	0.043471
2017-11-08/IMG_4602.JPG	-65.694340	1.720227	-119.057900	0.855341	0.010402	-0.516077	0.044150
2017-11-08/IMG_4603.JPG	-65.878150	1.703391	-120.133400	0.862872	0.016168	-0.503904	0.035671
2017-11-08/IMG_4604.JPG	-65.779820	1.717836	-121.278000	0.871646	0.035437	-0.487878	0.030862
2017-11-08/IMG_4605.JPG	-65.633770	1.766259	-122.345200	0.873173	0.022015	-0.485777	0.033245
2017-11-08/IMG_4589.JPG	-65.970240	1.441031	-104.622000	0.790768	-0.041047	-0.605902	0.076714
2017-11-08/IMG_4606.JPG	-65.729030	1.666292	-123.706800	0.873727	-0.027700	-0.483935	0.040499
2017-11-08/IMG_4607.JPG	-65.713880	1.736085	-124.651500	0.892973	-0.016103	-0.446508	0.054509
2017-11-08/IMG_4608.JPG	-65.723030	1.699193	-125.744800	0.879120	-0.066043	-0.467393	0.065809
2017-11-08/IMG_4609.JPG	-65.849210	1.722867	-126.637700	0.868988	-0.042779	-0.489856	0.055421
2017-11-08/IMG_4610.JPG	-65.586010	1.744856	-127.763800	0.896362	-0.036295	-0.438131	0.057097
2017-11-08/IMG_4611.JPG	-65.607670	1.686055	-128.767300	0.878114	-0.044324	-0.474549	0.041898
2017-11-08/IMG_4612.JPG	-66.468120	1.739464	-130.082100	0.882908	-0.053941	-0.464322	0.044372
2017-11-08/IMG_4566.JPG	-65.925880	1.438316	-74.979220	0.630951	-0.062248	-0.769254	0.079212
2017-11-08/IMG_4565.JPG	-66.254120	1.677248	-73.732470	0.632147	-0.070462	-0.767649	0.078363
2017-11-08/IMG_4564.JPG	-66.833090	1.532872	-72.541110	0.637538	-0.074094	-0.763164	0.075073
2017-11-08/IMG_4563.JPG	-67.148320	1.598509	-71.264550	0.622970	-0.075405	-0.774257	0.082150
2017-11-08/IMG_4562.JPG	-67.489320	1.702743	-70.020710	0.616223	-0.085147	-0.776600	0.099558
2017-11-08/IMG_4561.JPG	-67.543950	1.709362	-68.989750	0.635048	-0.095061	-0.759432	0.104600
2017-11-08/IMG_4559.JPG	-67.532030	1.689504	-66.712510	0.608834	-0.078318	-0.783317	0.097990
2017-11-08/IMG_4558.JPG	-67.548160	1.666860	-65.464130	0.607087	-0.073368	-0.789418	0.053688
2017-11-08/IMG_4557.JPG	-67.583620	1.684245	-64.474040	0.623974	-0.077093	-0.776005	0.050286
2017-11-08/IMG_4560.JPG	-67.610300	1.837674	-67.710890	0.622508	-0.111318	-0.762956	0.134128
2017-11-08/IMG_4556.JPG	-67.460980	1.565410	-63.219150	0.596305	-0.079812	-0.796314	0.062725
2017-11-08/IMG_4554.JPG	-67.591150	1.619259	-60.776790	0.502412	-0.064096	-0.856809	0.096707
2017-11-08/IMG_4553.JPG	-67.740100	1.583154	-59.665750	0.654429	-0.037836	-0.754232	0.037748
2017-11-08/IMG_4550.JPG	-67.888540	1.579213	-56.561100	0.569170	-0.040975	-0.820959	0.019831
2017-11-08/IMG_4549.JPG	-67.979290	1.589420	-55.436030	0.554850	-0.021384	-0.831223	0.027432
2017-11-08/IMG_4548.JPG	-68.158270	1.596307	-54.292630	0.556104	-0.019971	-0.829852	0.041173
2017-11-08/IMG_4547.JPG	-68.195010	1.612184	-53.119110	0.556381	-0.028806	-0.829889	0.029906
2017-11-08/IMG_4546.JPG	-68.156830	1.603331	-52.021920	0.539396	-0.022186	-0.841294	0.028024
2017-11-08/IMG_4545.JPG	-68.169100	1.621803	-50.954850	0.541955	-0.032618	-0.839614	0.016450
2017-11-08/IMG_4543.JPG	-68.153590	1.626525	-48.842270	0.542743	-0.044558	-0.838259	0.027683
2017-11-08/IMG_4542.JPG	-68.040150	1.619821	-47.774090	0.549995	-0.046992	-0.833421	0.026600
2017-11-08/IMG_4541.JPG	-67.952660	1.614661	-46.558740	0.545239	-0.038860	-0.836543	0.037427
2017-11-08/IMG_4551.JPG	-67.859830	1.570724	-57.387990	0.693743	-0.029866	-0.718285	0.043553
2017-11-08/IMG_4539.JPG	-67.603710	1.592058	-44.547220	0.499031	-0.050875	-0.864647	0.027679
2017-11-08/IMG_4540.JPG	-67.786120	1.588798	-45.663890	0.530760	-0.044623	-0.845777	0.031038
2017-11-08/IMG_4538.JPG	-67.472470	1.582280	-43.374860	0.516336	-0.044203	-0.854454	0.036766
2017-11-08/IMG_4537.JPG	-67.495550	1.570865	-42.324610	0.474052	-0.050176	-0.878428	0.033482
2017-11-08/IMG_4536.JPG	-67.593510	1.573508	-41.269360	0.474583	-0.059357	-0.876780	0.050044
2017-11-08/IMG_4535.JPG	-67.579970	1.579508	-40.200120	0.521490	-0.056901	-0.850137	0.045581
2017-11-08/IMG_4552.JPG	-67.723880	1.574015	-58.482010	0.729803	-0.034054	-0.681419	0.043551
2017-11-08/IMG_4534.JPG	-67.596260	1.531941	-39.649270	0.629866	-0.084528	-0.769984	0.056997
2017-11-08/IMG_4544.JPG	-68.220240	1.621965	-49.956790	0.551173	-0.040060	-0.833133	0.022196
2017-11-08/IMG_4533.JPG	-67.402150	1.610000	-37.803150	0.476274	-0.065765	-0.875119	0.054812
2017-11-08/IMG_4532.JPG	-66.946370	1.635388	-33.625910	0.514967	-0.051237	-0.855675	0.002197
2017-11-08/IMG_4531.JPG	-66.731190	1.606391	-32.511410	0.496934	-0.048659	-0.865680	0.035872
2017-11-08/IMG_4530.JPG	-66.384080	1.599440	-31.557300	0.474676	-0.059958	-0.877827	0.022543
2017-11-08/IMG_4529.JPG	-66.225440	1.545000	-30.449170	0.465820	-0.060138	-0.882423	0.026934
2017-11-08/IMG_4528.JPG	-66.435020	1.634929	-29.182860	0.489618	-0.054978	-0.868790	0.049561
2017-11-08/IMG_4527.JPG	-66.556930	1.595350	-27.204900	0.497838	-0.076740	-0.861319	0.066314
2017-11-08/IMG_4526.JPG	-66.311290	1.627940	-26.175820	0.465845	-0.079793	-0.880977	0.022391
2017-11-08/IMG_4525.JPG	-66.211940	1.576886	-24.886910	0.442490	-0.062023	-0.893967	0.034344
2017-11-08/IMG_4524.JPG	-66.163940	1.562563	-23.690340	0.402746	-0.064456	-0.912513	0.031010
2017-11-08/IMG_4522.JPG	-66.121720	1.565715	-21.204240	0.443772	-0.051759	-0.894248	0.026606
2017-11-08/IMG_4521.JPG	-65.985260	1.540962	-20.107500	0.501332	-0.061271	-0.862596	0.028993
2017-11-08/IMG_4520.JPG	-65.597590	1.589148	-18.787750	0.438188	-0.060957	-0.896135	0.034897
2017-11-08/IMG_4519.JPG	-65.230430	1.546037	-17.309920	0.443232	-0.046711	-0.894268	0.040607
2017-11-08/IMG_4518.JPG	-64.754020	1.607847	-15.827500	0.365073	-0.058411	-0.928808	0.025020
2017-11-08/IMG_4514.JPG	-64.580090	1.601647	-10.452090	0.423103	-0.036288	-0.902552	0.071184
2017-11-08/IMG_4513.JPG	-64.543160	1.622553	-9.160629	0.452402	-0.041493	-0.888845	0.059704
2017-11-08/IMG_4512.JPG	-64.384180	1.610000	-6.704659	0.411100	-0.031606	-0.909978	0.044016
2017-11-08/IMG_4511.JPG	-64.335740	1.592873	-5.728027	0.415627	-0.023515	-0.908322	0.040655
2017-11-08/IMG_4509.JPG	-63.781670	1.627277	-4.067131	0.356228	-0.050952	-0.931093	0.059757
2017-11-08/IMG_4510.JPG	-64.101470	1.541652	-4.812904	0.418069	-0.038383	-0.906314	0.048383
2017-11-08/IMG_4508.JPG	-63.752300	1.725916	-3.675423	0.543563	-0.060704	-0.834628	0.065194
2017-11-08/IMG_4507.JPG	-63.252110	1.686343	-2.740929	0.497888	-0.057941	-0.862206	0.073152
2017-11-08/IMG_4516.JPG	-65.034550	1.676648	-13.291440	0.488298	-0.070331	-0.863570	0.104239
2017-11-08/IMG_4515.JPG	-64.687360	1.616574	-11.659760	0.324819	-0.031127	-0.942546	0.071636
2017-11-08/IMG_4517.JPG	-65.050440	1.619555	-14.534350	0.435982	-0.040904	-0.898315	0.035743
2017-11-08/IMG_4555.JPG	-67.546130	1.674903	-62.169850	0.591287	-0.080733	-0.799718	0.065680
2017-11-08/IMG_4579.JPG	-65.220810	1.646580	-92.707900	0.572848	-0.024250	-0.815684	0.076925
2017-11-08/IMG_4523.JPG	-66.277580	1.536144	-22.541430	0.425407	-0.061903	-0.902697	0.018303
2018-07-10/IMG_20180710_192558.jpg	-33.817780	-0.033526	-69.599930	0.323794	-0.197042	-0.913004	0.150851
2018-07-10/IMG_20180710_192601.jpg	-33.722630	-0.000549	-73.362680	0.297546	-0.209826	-0.910568	0.195719
2018-07-10/IMG_20180710_192600.jpg	-33.655820	-0.035261	-71.874780	0.271603	-0.205180	-0.927206	0.156278
2018-07-10/IMG_20180710_192559.jpg	-33.776210	-0.034667	-70.718680	0.294355	-0.191401	-0.924922	0.145737
2018-07-10/IMG_20180710_192557.jpg	-33.835950	-0.019153	-68.439990	0.308968	-0.180552	-0.922433	0.145112
2018-07-10/IMG_20180710_192556.jpg	-33.845610	-0.024143	-67.277170	0.305368	-0.158897	-0.925817	0.156098
2018-07-10/IMG_20180710_192553.jpg	-33.915330	-0.006512	-64.901710	0.295982	-0.159194	-0.931665	0.138031
2018-07-10/IMG_20180710_192552.jpg	-33.951340	-0.026900	-63.719910	0.287570	-0.167227	-0.931528	0.146953
2018-07-10/IMG_20180710_192554.jpg	-33.902260	-0.026091	-66.030300	0.318589	-0.123221	-0.930475	0.132420
2018-07-10/IMG_20180710_192551.jpg	-33.953990	0.000000	-62.541760	0.240852	-0.142107	-0.952057	0.124030
2018-07-10/IMG_20180710_192549.jpg	-34.038560	0.024830	-60.168270	0.307622	-0.142413	-0.928108	0.153956
2018-07-10/IMG_20180710_192550.jpg	-34.024510	-0.010323	-61.328050	0.294934	-0.125863	-0.935456	0.148642
2018-07-10/IMG_20180710_192548.jpg	-34.082310	-0.015238	-58.971760	0.311493	-0.130999	-0.927907	0.157484
2018-07-10/IMG_20180710_192546.jpg	-33.997260	0.006565	-57.161050	0.333313	-0.143754	-0.921956	0.135036
2018-07-10/IMG_20180710_192545.jpg	-34.070610	-0.007748	-56.007580	0.350569	-0.190365	-0.899087	0.180295
2018-07-10/IMG_20180710_192544.jpg	-34.082320	-0.039529	-55.135230	0.345490	-0.200995	-0.883850	0.242995
2018-07-10/IMG_20180710_192543.jpg	-34.037620	-0.054898	-53.939060	0.339577	-0.212800	-0.894203	0.199512
2018-07-10/IMG_20180710_192542.jpg	-33.974580	-0.013647	-52.552190	0.384026	-0.210125	-0.874465	0.209004
2018-07-10/IMG_20180710_192540.jpg	-33.957240	0.045790	-51.382500	0.366467	-0.231890	-0.871437	0.229188
2018-07-10/IMG_20180710_192539.jpg	-33.942780	-0.048589	-50.222340	0.341968	-0.193669	-0.891452	0.225530
2018-07-10/IMG_20180710_192538.jpg	-33.906910	-0.039385	-49.282460	0.298321	-0.166630	-0.925809	0.161609
2018-07-10/IMG_20180710_192537.jpg	-33.750750	-0.155425	-47.480930	0.313013	-0.166718	-0.923524	0.146052
2018-07-10/IMG_20180710_192602.jpg	-33.641700	0.046021	-74.142650	0.348453	-0.241323	-0.882685	0.203007
2018-07-10/IMG_20180710_192603.jpg	-33.741920	-0.019408	-75.070270	0.448387	-0.223941	-0.835697	0.224522
2018-07-10/IMG_20180710_192533.jpg	-33.758850	-0.065044	-44.617580	0.304967	-0.177569	-0.919241	0.174530
2018-07-10/IMG_20180710_192531.jpg	-33.643000	0.056027	-42.135280	0.232644	-0.151041	-0.952449	0.126114
2018-07-10/IMG_20180710_192535.jpg	-33.741820	0.028604	-45.607890	0.323791	-0.179775	-0.916919	0.148662
2018-07-10/IMG_20180710_192532.jpg	-33.679490	0.033647	-43.144560	0.242021	-0.143326	-0.951605	0.123820
2018-07-10/IMG_20180710_192526.jpg	-33.999760	0.058708	-37.006380	0.281573	-0.164885	-0.936937	0.125216
2018-07-10/IMG_20180710_192528.jpg	-33.823110	0.070822	-39.034450	0.302140	-0.172827	-0.928746	0.127569
2018-07-10/IMG_20180710_192522.jpg	-34.219070	0.072496	-33.778670	0.335426	-0.140680	-0.922377	0.130079
2018-07-10/IMG_20180710_192605.jpg	-33.744610	0.017831	-76.402370	0.510204	-0.262342	-0.785747	0.231239
2018-07-10/IMG_20180710_192606.jpg	-33.682050	0.032997	-77.830140	0.572785	-0.259171	-0.748891	0.209549
2018-07-10/IMG_20180710_192607.jpg	-33.502760	-0.147235	-79.281210	0.583235	-0.263800	-0.740557	0.204506
2018-07-10/IMG_20180710_192609.jpg	-33.192970	-0.215612	-80.741040	0.601301	-0.228344	-0.736051	0.211011
2018-07-10/IMG_20180710_192611.jpg	-33.600200	-0.184664	-82.105670	0.569440	-0.253566	-0.755761	0.200669
2018-07-10/IMG_20180710_192613.jpg	-34.158380	0.109860	-82.324420	0.620283	-0.287785	-0.696773	0.216651
2018-07-10/IMG_20180710_192529.jpg	-33.731630	0.105573	-40.218410	0.278210	-0.153396	-0.938388	0.136006
2018-07-10/IMG_20180710_192617.jpg	-33.857650	0.014082	-83.182660	0.688691	-0.274746	-0.636510	0.212309
2018-07-10/IMG_20180710_192520.jpg	-34.465700	0.059863	-31.631750	0.355396	-0.148230	-0.916489	0.108491
2018-07-10/IMG_20180710_192519.jpg	-34.422550	0.088117	-30.305050	0.397474	-0.157505	-0.895564	0.123172
2018-07-10/IMG_20180710_192524.jpg	-33.920200	0.101174	-35.615830	0.286352	-0.144480	-0.940598	0.111373
2018-07-10/IMG_20180710_192517.jpg	-34.149860	0.095860	-29.183270	0.339800	-0.152965	-0.919576	0.124567
2018-07-10/IMG_20180710_192516.jpg	-33.963100	0.109413	-28.015380	0.340264	-0.157319	-0.917246	0.134652
2018-07-10/IMG_20180710_192521.jpg	-34.334360	0.038105	-32.828090	0.403458	-0.188447	-0.874833	0.190730
2018-07-10/IMG_20180710_192514.jpg	-33.673940	0.113071	-26.275490	0.279476	-0.129563	-0.947444	0.086349
2018-07-10/IMG_20180710_192512.jpg	-33.148350	0.092427	-24.468390	0.286527	-0.145784	-0.932311	0.165669
2018-07-10/IMG_20180710_192511.jpg	-32.654160	0.082790	-23.073390	0.265463	-0.138620	-0.943308	0.143123
2018-07-10/IMG_20180710_192626.jpg	-34.114450	-0.024574	-85.938190	0.762575	-0.320351	-0.533474	0.176805
2018-07-10/IMG_20180710_192627.jpg	-34.172350	-0.098801	-86.845110	0.742418	-0.338904	-0.548594	0.181672
2018-07-10/IMG_20180710_192629.jpg	-34.424930	0.032213	-87.882170	0.699748	-0.267707	-0.638004	0.177864
2018-07-10/IMG_20180710_192631.jpg	-34.908390	0.082779	-88.702710	0.602264	-0.192981	-0.741579	0.223825
2018-07-10/IMG_20180710_192624.jpg	-34.004220	-0.038360	-85.361100	0.846360	-0.305031	-0.414933	0.135875
2018-07-10/IMG_20180710_192621.jpg	-33.936060	-0.159613	-83.706850	0.850785	-0.332445	-0.379135	0.147996
2018-07-10/IMG_20180710_192509.jpg	-32.261240	0.077631	-21.922160	0.224517	-0.143391	-0.946596	0.181623
2018-07-10/IMG_20180710_192508.jpg	-31.763000	0.045906	-20.552070	0.120029	-0.084011	-0.976691	0.156875
2018-07-10/IMG_20180710_192506.jpg	-31.411910	0.019208	-19.078820	0.149456	-0.050078	-0.979228	0.127544
2018-07-10/IMG_20180710_192504.jpg	-31.230510	0.030945	-17.010600	0.152098	-0.043417	-0.977653	0.138475
2018-07-10/IMG_20180710_192503.jpg	-31.366120	-0.015227	-15.145900	0.139046	-0.045396	-0.981299	0.125133
2018-07-10/IMG_20180710_192501.jpg	-31.449570	-0.011624	-13.429240	0.161669	-0.045121	-0.980432	0.102860
2018-07-10/IMG_20180710_192633.jpg	-35.023960	0.229971	-89.542680	0.550446	-0.167448	-0.801852	0.161259
2018-07-10/IMG_20180710_192459.jpg	-31.512220	0.000000	-10.941910	0.213959	-0.047117	-0.969593	0.109046
2018-07-10/IMG_20180710_192456.jpg	-31.699630	-0.001220	-8.530670	0.167957	-0.053470	-0.979825	0.094202
2018-07-10/IMG_20180710_192453.jpg	-31.950870	0.029625	-5.545265	0.176614	-0.033447	-0.982369	0.051379
2018-07-10/IMG_20180710_192451.jpg	-32.320980	0.003850	-3.198997	0.167665	-0.028112	-0.983844	0.056113
2018-07-10/IMG_20180710_192448.jpg	-32.818760	-0.011534	0.577072	0.160038	-0.027822	-0.985111	0.056297
2018-07-10/IMG_20180710_192449.jpg	-32.597560	0.068967	-0.622597	0.173305	-0.028514	-0.982786	0.057307
2018-07-10/IMG_20180710_192447.jpg	-32.896980	0.047874	1.763206	0.153985	-0.022319	-0.986672	0.047633
2018-07-10/IMG_20180710_192446.jpg	-33.025970	0.026794	2.989632	0.155115	-0.027912	-0.986238	0.049949
2018-07-10/IMG_20180710_192444.jpg	-33.291290	0.023159	4.639656	0.150084	-0.033457	-0.986465	0.056943
2018-07-10/IMG_20180710_192443.jpg	-33.464920	0.019976	5.947105	0.130380	-0.029678	-0.989018	0.062963
2018-07-10/IMG_20180710_192442.jpg	-33.712360	0.029217	7.612068	0.139933	-0.018022	-0.989404	0.034255
2018-07-10/IMG_20180710_192439.jpg	-34.182690	-0.002135	10.440090	0.152273	-0.027836	-0.985740	0.065994
2018-07-10/IMG_20180710_192440.jpg	-33.910680	0.018336	8.788826	0.175760	-0.015420	-0.983218	0.046403
2018-07-10/IMG_20180710_192438.jpg	-34.445180	0.000000	12.024990	0.160272	-0.021475	-0.984094	0.073564
2018-07-10/IMG_20180710_192436.jpg	-34.689040	-0.000369	13.075800	0.173011	-0.017355	-0.983371	0.052412
2018-07-10/IMG_20180710_192435.jpg	-35.232610	-0.013557	14.576000	0.208825	-0.006740	-0.976320	0.056093
2018-07-10/IMG_20180710_192434.jpg	-35.712020	-0.018112	16.079020	0.145782	-0.020309	-0.987755	0.051721
2018-07-10/IMG_20180710_192432.jpg	-36.246570	-0.027058	17.596670	0.193906	-0.010165	-0.979022	0.061759
2018-07-10/IMG_20180710_192642.jpg	-34.926680	0.465299	-85.098920	0.841318	-0.272980	-0.459458	0.081016
2018-07-10/IMG_20180710_192641.jpg	-34.950550	0.501519	-84.337830	0.778270	-0.274025	-0.550654	0.126435
2018-07-10/IMG_20180710_192644.jpg	-35.297650	0.598068	-86.387950	0.908295	-0.214428	-0.348831	0.085664
2018-07-10/IMG_20180710_192639.jpg	-35.033470	0.454252	-82.863620	0.643753	-0.244245	-0.711249	0.141607
2018-07-10/IMG_20180710_192645.jpg	-35.089030	0.578089	-86.954730	0.931618	-0.207846	-0.294519	0.046339
2018-07-10/IMG_20180710_192646.jpg	-34.912200	0.561605	-87.619870	0.938754	-0.228544	-0.252027	0.054701
2018-07-10/IMG_20180710_192647.jpg	-35.051710	0.457272	-88.228220	0.938269	-0.220556	-0.260079	0.058016
2018-07-10/IMG_20180710_192643.jpg	-35.157230	0.336341	-85.577180	0.899931	-0.276010	-0.332225	0.059741
2018-07-10/IMG_20180710_192650.jpg	-34.786910	0.431363	-90.416630	0.943568	-0.186890	-0.268559	0.051268
2018-07-10/IMG_20180710_192654.jpg	-34.541040	0.585896	-93.244420	0.947566	-0.189244	-0.251894	0.053439
2018-07-10/IMG_20180710_192655.jpg	-34.677050	0.504828	-94.497820	0.929643	-0.244257	-0.270587	0.053708
2018-07-12/IMG_20180712_183725.jpg	-38.975120	-0.047484	-120.698200	0.982935	-0.123475	-0.132044	-0.034031
2018-07-12/IMG_20180712_183727.jpg	-37.154260	-0.040000	-120.635000	0.989474	-0.113312	-0.060748	-0.066421
2018-07-12/IMG_20180712_183722.jpg	-40.976800	-0.020802	-120.746600	0.978911	-0.117321	-0.166581	-0.014847
2018-07-12/IMG_20180712_183720.jpg	-42.991930	-0.053369	-120.673000	0.974392	-0.086437	-0.205218	-0.031218
2018-07-12/IMG_20180712_183717.jpg	-45.017030	0.034073	-120.972800	0.972152	-0.093901	-0.214060	-0.016811
2018-07-12/IMG_20180712_183714.jpg	-47.534580	-0.037971	-121.201100	0.951112	-0.134792	-0.277236	-0.018936
2018-07-12/IMG_20180712_183711.jpg	-50.343790	-0.234110	-121.424300	0.949020	-0.100405	-0.297594	-0.026795
2018-07-12/IMG_20180712_183709.jpg	-52.386880	0.042037	-121.616100	0.933134	-0.082699	-0.349054	-0.024165
2018-07-12/IMG_20180712_183706.jpg	-54.450790	0.077732	-121.629600	0.926003	-0.097682	-0.364593	-0.006992
2018-07-12/IMG_20180712_183703.jpg	-56.977110	0.131560	-121.601200	0.919527	-0.088494	-0.381566	-0.032351
2018-07-12/IMG_20180712_183701.jpg	-59.238690	-0.313826	-121.181300	0.894288	-0.085926	-0.438193	-0.029202
2018-07-12/IMG_20180712_183659.jpg	-60.668230	-0.281958	-120.537200	0.906998	-0.078642	-0.412644	-0.029926
2018-07-12/IMG_20180712_183657.jpg	-62.665850	0.109454	-120.001900	0.907844	-0.068758	-0.413066	-0.021664
2018-07-12/IMG_20180712_183655.jpg	-63.891270	-0.220258	-119.284400	0.888350	-0.082019	-0.450442	-0.034792
2018-07-12/IMG_20180712_183652.jpg	-65.707240	0.025966	-118.157500	0.897512	-0.072538	-0.434696	-0.015805
2018-07-12/IMG_20180712_183649.jpg	-67.328610	-0.390621	-116.253700	0.885754	-0.066987	-0.459138	-0.012026
2018-07-12/IMG_20180712_183646.jpg	-68.685620	0.158571	-115.173800	0.885318	-0.073089	-0.459152	0.007061
2018-07-12/IMG_20180712_183639.jpg	-68.855070	0.179283	-113.274700	0.876741	-0.094807	-0.471524	-0.001357
2018-07-12/IMG_20180712_183631.jpg	-64.206020	-0.587112	-111.524900	0.858550	-0.099398	-0.502995	0.002887
2018-07-12/IMG_20180712_183636.jpg	-67.654900	-0.092006	-112.998900	0.869468	-0.119284	-0.478515	-0.028635
2018-07-12/IMG_20180712_183633.jpg	-65.675230	-0.281588	-111.814100	0.874477	-0.101868	-0.473116	-0.032767
2018-07-12/IMG_20180712_183629.jpg	-63.092150	-0.181158	-111.457900	0.894254	-0.081010	-0.438546	-0.037744
2018-07-12/IMG_20180712_183626.jpg	-61.542130	-0.148382	-110.852800	0.888941	-0.122934	-0.441016	-0.013292
2018-07-12/IMG_20180712_183623.jpg	-59.264300	0.064707	-111.046600	0.885741	-0.117422	-0.448516	-0.022539
2018-07-12/IMG_20180712_183620.jpg	-57.148460	0.142591	-109.815100	0.912849	-0.108287	-0.393593	-0.008153
2018-07-12/IMG_20180712_183617.jpg	-55.244770	-0.131059	-109.058000	0.894414	-0.081818	-0.439365	-0.016988
2018-07-12/IMG_20180712_183615.jpg	-53.533400	-0.218637	-108.556900	0.902442	-0.105117	-0.417789	-0.000670
2018-07-12/IMG_20180712_183612.jpg	-51.614400	-0.213700	-107.822900	0.902257	-0.137863	-0.407952	0.022388
2018-07-12/IMG_20180712_183610.jpg	-50.510030	0.150670	-107.711700	0.893644	-0.114269	-0.433423	0.022096
2018-07-12/IMG_20180712_183608.jpg	-49.140880	-0.220314	-106.657300	0.902084	-0.128616	-0.411205	0.024745
2018-07-12/IMG_20180712_183605.jpg	-47.583290	-0.066030	-105.970500	0.916618	-0.128009	-0.377889	0.025009
2018-07-12/IMG_20180712_183602.jpg	-45.907340	-0.080862	-105.217100	0.872822	-0.126158	-0.470607	0.028209
2018-07-12/IMG_20180712_183600.jpg	-44.379750	0.017003	-104.683800	0.891539	-0.135156	-0.431567	0.025329
2018-07-12/IMG_20180712_183557.jpg	-42.663570	-0.087575	-103.859700	0.878113	-0.153166	-0.451274	0.042544
2018-07-12/IMG_20180712_183541.jpg	-44.715100	0.223938	-99.414660	0.858861	-0.140529	-0.491271	0.035515
2018-07-12/IMG_20180712_183539.jpg	-46.042700	0.109220	-99.330260	0.919374	-0.128266	-0.371188	0.022794
2018-07-12/IMG_20180712_183537.jpg	-47.985520	0.160246	-99.340330	0.908010	-0.124025	-0.399404	0.024757
2018-07-12/IMG_20180712_183534.jpg	-50.025970	0.051382	-99.244430	0.888613	-0.118453	-0.442418	0.024553
2018-07-12/IMG_20180712_183542.jpg	-43.817110	0.091046	-99.489120	0.833425	-0.135948	-0.535542	0.010747
2018-07-12/IMG_20180712_183544.jpg	-42.653430	0.159343	-99.451140	0.793290	-0.168385	-0.583135	0.047878
2018-07-12/IMG_20180712_183531.jpg	-52.623700	-0.140822	-99.053650	0.900677	-0.100484	-0.422271	0.019282
2018-07-12/IMG_20180712_183529.jpg	-54.531990	-0.065426	-99.332150	0.882308	-0.060627	-0.466529	0.014445
2018-07-12/IMG_20180712_183526.jpg	-56.903040	0.213700	-99.474690	0.880417	-0.070888	-0.468758	0.010295
2018-07-12/IMG_20180712_183553.jpg	-40.525920	-0.018515	-102.627800	0.822735	-0.157588	-0.542851	0.059884
2018-07-12/IMG_20180712_183524.jpg	-58.891300	-0.046577	-99.116410	0.904076	-0.064562	-0.422372	0.009004
2018-07-12/IMG_20180712_183522.jpg	-60.751010	-0.081212	-98.804840	0.868533	-0.078609	-0.487209	0.045809
2018-07-12/IMG_20180712_183520.jpg	-62.253590	0.417728	-99.146940	0.873450	-0.051106	-0.483788	0.020583
2018-07-12/IMG_20180712_183518.jpg	-63.350050	-0.297867	-98.379870	0.862923	-0.059507	-0.501168	-0.025566
2018-07-12/IMG_20180712_183516.jpg	-65.750140	0.056887	-98.403910	0.864399	-0.068370	-0.497675	-0.021461
2018-07-12/IMG_20180712_183513.jpg	-65.434660	-0.224396	-96.517970	0.847755	-0.099496	-0.520971	-0.001224
2018-07-12/IMG_20180712_183546.jpg	-40.889620	-0.017697	-99.770770	0.758934	-0.179582	-0.620296	0.083676
2018-07-12/IMG_20180712_183512.jpg	-65.157710	-0.427001	-95.996430	0.774743	-0.093355	-0.625345	-0.000992
2018-07-12/IMG_20180712_183511.jpg	-65.509180	-0.263529	-95.295620	0.733595	-0.050494	-0.677334	0.022504
2018-07-12/IMG_20180712_183457.jpg	-62.864960	0.240791	-92.071660	0.856147	-0.104447	-0.504529	0.039411
2018-07-12/IMG_20180712_183454.jpg	-61.682900	0.340406	-91.521270	0.859692	-0.167726	-0.479833	0.050579
2018-07-12/IMG_20180712_183458.jpg	-62.556600	-0.212682	-91.488170	0.787514	-0.082617	-0.608955	0.046581
2018-07-12/IMG_20180712_183500.jpg	-63.318560	-0.126392	-92.199080	0.748281	-0.113948	-0.651269	0.054218
2018-07-12/IMG_20180712_183502.jpg	-63.189740	-0.413193	-93.066500	0.699514	-0.073844	-0.709996	0.033670
2018-07-12/IMG_20180712_183449.jpg	-58.726050	-0.027541	-89.561640	0.861812	-0.114570	-0.492578	0.038993
2018-07-12/IMG_20180712_183452.jpg	-60.316140	0.156001	-90.472370	0.882943	-0.110967	-0.456072	0.009820
2018-07-12/IMG_20180712_183446.jpg	-56.466240	-0.225708	-88.118820	0.868813	-0.088532	-0.486423	0.026810
2018-07-12/IMG_20180712_183444.jpg	-55.279870	0.277220	-87.890040	0.871371	-0.104323	-0.478738	0.025281
2018-07-12/IMG_20180712_183442.jpg	-53.789110	-0.042026	-86.890500	0.887920	-0.100803	-0.447854	0.029391
2018-07-12/IMG_20180712_183439.jpg	-52.602490	0.023194	-85.686040	0.885038	-0.096353	-0.453855	0.037936
2018-07-12/IMG_20180712_183438.jpg	-52.184000	0.347293	-85.818120	0.867549	-0.137876	-0.474573	0.055944
2018-07-12/IMG_20180712_183434.jpg	-50.245540	-0.038413	-84.144230	0.855138	-0.129313	-0.498086	0.062670
2018-07-12/IMG_20180712_183428.jpg	-49.548240	-0.071486	-83.517400	0.836309	-0.119752	-0.531488	0.061380
2018-07-12/IMG_20180712_183436.jpg	-50.812350	0.117254	-84.683750	0.898354	-0.108401	-0.420784	0.064423
2018-07-12/IMG_20180712_183426.jpg	-48.537270	-0.165536	-82.691180	0.794384	-0.109646	-0.592520	0.076500
2018-07-12/IMG_20180712_183423.jpg	-47.315050	0.021142	-82.583760	0.793051	-0.144196	-0.581211	0.111680
2018-07-12/IMG_20180712_183505.jpg	-66.404530	0.269728	-92.520670	0.634811	-0.082489	-0.766509	0.051722
2018-07-12/IMG_20180712_183422.jpg	-46.322540	-0.139048	-82.028930	0.749839	-0.149631	-0.635515	0.107108
2018-07-12/IMG_20180712_183420.jpg	-45.440420	-0.086732	-81.701100	0.703829	-0.175387	-0.679050	0.112941
2018-07-12/IMG_20180712_183419.jpg	-44.307090	-0.194269	-81.243930	0.630025	-0.153092	-0.753033	0.112126
2018-07-12/IMG_20180712_183417.jpg	-42.977940	-0.011201	-80.681410	0.577920	-0.196456	-0.784469	0.109648
2018-07-12/IMG_20180712_183350.jpg	-47.372680	-0.073648	-77.909640	0.676074	-0.107678	-0.724796	0.077458
2018-07-12/IMG_20180712_183349.jpg	-48.091920	0.050268	-77.784320	0.602088	-0.129198	-0.779728	0.113241
2018-07-12/IMG_20180712_183348.jpg	-48.946680	0.057770	-77.947380	0.488630	-0.087832	-0.860964	0.110755
2018-07-12/IMG_20180712_183416.jpg	-42.329820	-0.289880	-80.442930	0.558776	-0.153700	-0.807303	0.111387
2018-07-12/IMG_20180712_183412.jpg	-41.304490	-0.075497	-79.543520	0.530168	-0.160356	-0.822964	0.126244
2018-07-12/IMG_20180712_183347.jpg	-49.528330	-0.078800	-78.047600	0.410882	-0.072012	-0.904033	0.093352
2018-07-12/IMG_20180712_183351.jpg	-46.478600	-0.070782	-77.747420	0.771133	-0.107543	-0.622167	0.081829
2018-07-12/IMG_20180712_183343.jpg	-52.790140	-0.080792	-77.565160	0.430886	-0.056350	-0.897610	0.073886
2018-07-12/IMG_20180712_183341.jpg	-54.147540	-0.090422	-77.429850	0.510212	-0.080961	-0.854731	0.050635
2018-07-12/IMG_20180712_183339.jpg	-55.556840	-0.116536	-77.226250	0.617910	-0.084318	-0.778482	0.071023
2018-07-12/IMG_20180712_183337.jpg	-57.031380	-0.155818	-76.824600	0.699463	-0.075377	-0.706660	0.075509
2018-07-12/IMG_20180712_183345.jpg	-51.553830	-0.079990	-77.820270	0.370603	-0.065127	-0.922716	0.083707
2018-07-12/IMG_20180712_183346.jpg	-50.788330	-0.061150	-77.983710	0.355514	-0.047134	-0.928508	0.096238
2018-07-12/IMG_20180712_183335.jpg	-58.513410	-0.147886	-76.760770	0.800824	-0.072995	-0.591192	0.062000
2018-07-12/IMG_20180712_183352.jpg	-45.763550	-0.087684	-77.475590	0.856372	-0.085915	-0.505384	0.061915
2018-07-12/IMG_20180712_183354.jpg	-44.590100	-0.162486	-76.927320	0.930683	-0.078768	-0.356590	0.021655
2018-07-12/IMG_20180712_183355.jpg	-43.790400	-0.003150	-76.556500	0.954496	-0.078765	-0.285814	0.032315
2018-07-12/IMG_20180712_183353.jpg	-45.346820	-0.539017	-77.165080	0.898704	-0.093632	-0.427144	0.033353
2018-07-12/IMG_20180712_183409.jpg	-41.036700	-0.024750	-78.236050	0.383808	-0.089398	-0.914000	0.096455
2018-07-12/IMG_20180712_183400.jpg	-41.179500	-0.206678	-77.254490	0.399210	-0.089106	-0.900697	0.146412
2018-07-12/IMG_20180712_183359.jpg	-41.334860	-0.364380	-76.925000	0.560438	-0.133322	-0.802707	0.154258
2018-07-12/IMG_20180712_183331.jpg	-59.722230	-0.187765	-76.179370	0.837351	-0.066653	-0.540301	0.049757
2018-07-12/IMG_20180712_183326.jpg	-62.127910	-0.167924	-74.964440	0.813636	-0.084961	-0.570381	0.073787
2018-07-12/IMG_20180712_183319.jpg	-64.925380	-0.167439	-73.796920	0.776160	-0.060278	-0.624956	0.058075
2018-07-12/IMG_20180712_183312.jpg	-68.134580	-0.068431	-71.907680	0.721968	-0.048020	-0.687503	0.061610
2018-07-12/IMG_20180712_183305.jpg	-70.999800	-0.064378	-70.413190	0.691836	-0.055627	-0.718447	0.045851
2018-07-12/IMG_20180712_183259.jpg	-71.350190	-0.140252	-67.231830	0.633970	-0.041598	-0.770330	0.054256
2018-07-12/IMG_20180712_183249.jpg	-68.789860	-0.040000	-64.433170	0.625487	-0.077821	-0.772218	0.079937
2018-07-12/IMG_20180712_183240.jpg	-64.577190	-0.125631	-63.794640	0.604539	-0.059982	-0.791895	0.061939
2018-07-12/IMG_20180712_183231.jpg	-60.530950	-0.080659	-63.564590	0.637575	-0.067835	-0.764753	0.063636
2018-07-12/IMG_20180712_183222.jpg	-57.052050	-0.057034	-62.930810	0.574603	-0.078481	-0.810559	0.081649
2018-07-12/IMG_20180712_183214.jpg	-53.620050	-0.113267	-61.945120	0.477548	-0.052288	-0.873029	0.083874
2018-07-12/IMG_20180712_183358.jpg	-42.199250	-0.069260	-76.191770	0.803114	-0.136078	-0.576998	0.059698
2018-07-12/IMG_20180712_183205.jpg	-52.359290	-0.113584	-58.847170	0.466498	-0.046510	-0.881439	0.057286
2018-07-12/IMG_20180712_183111.jpg	-56.793690	-0.056467	-50.568070	0.472050	-0.044433	-0.879248	0.046015
2018-07-12/IMG_20180712_183158.jpg	-50.565130	-0.177112	-56.120290	0.520939	-0.079491	-0.845579	0.085440
2018-07-12/IMG_20180712_183141.jpg	-53.995880	-0.138679	-52.018070	0.530605	-0.044260	-0.843926	0.065487
2018-07-12/IMG_20180712_183041.jpg	-65.800510	-0.044852	-48.616470	0.510965	-0.067750	-0.855453	0.050253
2018-07-12/IMG_20180712_183033.jpg	-67.967030	-0.046229	-46.948340	0.537689	-0.069670	-0.838405	0.055800
2018-07-12/IMG_20180712_183049.jpg	-62.735530	-0.095842	-49.333710	0.534707	-0.085667	-0.838722	0.057404
2018-07-12/IMG_20180712_183024.jpg	-67.333170	-0.020018	-44.087110	0.506833	-0.072494	-0.856481	0.065615
2018-07-12/IMG_20180712_183148.jpg	-50.942200	-0.176588	-52.779020	0.568444	-0.072183	-0.814562	0.090276
2018-07-12/IMG_20180712_183013.jpg	-66.342190	-0.017243	-40.883190	0.472775	-0.034889	-0.877453	0.073094
2018-07-12/IMG_20180712_183006.jpg	-64.425220	-0.042651	-37.840870	0.417234	-0.076240	-0.904101	0.052000
2018-07-12/IMG_20180712_183058.jpg	-59.345840	-0.131033	-50.281950	0.513488	-0.063949	-0.849996	0.098733
2018-07-12/IMG_20180712_182956.jpg	-61.144660	0.013487	-35.350060	0.469219	-0.018936	-0.882138	0.036164
2018-07-12/IMG_20180712_182946.jpg	-57.971510	-0.010029	-33.590050	0.479486	-0.090610	-0.872013	0.038436
2018-07-12/IMG_20180712_182935.jpg	-55.288000	-0.026639	-31.989690	0.449407	-0.082424	-0.887803	0.055190
2018-07-12/IMG_20180712_182926.jpg	-53.481370	0.013490	-30.730000	0.389466	-0.063496	-0.918505	0.025151
2018-07-12/IMG_20180712_182919.jpg	-52.342010	0.050345	-28.793830	0.396444	-0.061669	-0.915724	0.021902
2018-07-12/IMG_20180712_182913.jpg	-52.060110	0.015706	-26.998790	0.374015	-0.023627	-0.926585	0.031538
2018-07-12/IMG_20180712_182908.jpg	-50.582950	0.010297	-26.723210	0.392643	-0.028578	-0.918571	0.035246
2018-07-12/IMG_20180712_182903.jpg	-48.925530	0.024159	-26.032260	0.366069	-0.039922	-0.928808	0.041427
2018-07-12/IMG_20180712_182857.jpg	-47.002070	0.024462	-25.279830	0.382596	-0.045581	-0.921647	0.045924
2018-07-12/IMG_20180712_182851.jpg	-45.087310	-0.036074	-24.781300	0.367608	-0.069121	-0.924628	0.071763
2018-07-12/IMG_20180712_182847.jpg	-43.568390	-0.032810	-24.196950	0.342258	-0.071258	-0.934047	0.073057
2018-07-12/IMG_20180712_182841.jpg	-41.673580	-0.045643	-23.710790	0.360679	-0.080674	-0.925854	0.078726
2018-07-12/IMG_20180712_182836.jpg	-40.152890	-0.040000	-23.161220	0.352604	-0.072990	-0.929356	0.081490
2018-07-12/IMG_20180712_183550.jpg	-39.237330	0.163689	-101.303500	0.767519	-0.167329	-0.614523	0.072642
2018-07-12/IMG_20180712_183548.jpg	-39.764770	0.065060	-100.193100	0.691930	-0.179980	-0.695054	0.075760
2018-07-12/IMG_20180712_183356.jpg	-42.557810	0.243808	-75.950230	0.873782	-0.095834	-0.473989	0.051533
2018-07-12/IMG_20180712_182829.jpg	-38.397860	-0.047639	-22.482880	0.346494	-0.085021	-0.930094	0.087398
2018-07-12/IMG_20180712_182824.jpg	-36.740860	-0.069986	-22.702870	0.343128	-0.101272	-0.926396	0.117462
2018-07-12/IMG_20180712_182745.jpg	-44.202000	-0.086488	0.440956	0.303585	-0.036528	-0.951044	0.044907
2018-07-12/IMG_20180712_182748.jpg	-42.778320	-0.026208	-1.546097	0.271128	-0.032916	-0.961741	0.021449
2018-07-12/IMG_20180712_182757.jpg	-39.535970	-0.014672	-8.020195	0.315635	-0.032136	-0.947804	0.031773
2018-07-12/IMG_20180712_182754.jpg	-40.844920	0.000241	-5.707718	0.339946	-0.025510	-0.939833	0.022381
2018-07-12/IMG_20180712_182751.jpg	-42.007740	-0.016534	-3.449219	0.279148	-0.025433	-0.959559	0.026014
2018-07-12/IMG_20180712_182742.jpg	-45.386210	-0.045247	2.907532	0.252573	-0.040426	-0.964112	0.071132
2018-07-12/IMG_20180712_182739.jpg	-46.570480	-0.040794	5.449455	0.276102	-0.044036	-0.957650	0.068818
2018-07-12/IMG_20180712_182736_1.jpg	-47.622730	-0.042232	7.728104	0.233406	-0.018122	-0.971744	0.030107
2018-07-12/IMG_20180712_182800.jpg	-37.777970	-0.049784	-10.572810	0.279257	-0.038626	-0.958063	0.051370
2018-07-12/IMG_20180712_182736.jpg	-47.830250	-0.031043	8.016876	0.250471	-0.024172	-0.965988	0.059565
2018-07-12/IMG_20180712_182733.jpg	-49.179750	-0.035293	10.491550	0.266004	-0.022273	-0.963676	0.008560
2018-07-12/IMG_20180712_182806.jpg	-35.743730	-0.040674	-13.946300	0.310518	-0.053912	-0.946547	0.068714
2018-07-12/IMG_20180712_182730.jpg	-50.416530	-0.027859	12.810490	0.265150	-0.031689	-0.963550	0.016228
2018-07-12/IMG_20180712_182808.jpg	-35.269710	-0.037713	-15.377910	0.300170	-0.058424	-0.947877	0.089527
2018-07-12/IMG_20180712_182811.jpg	-34.707040	-0.061917	-17.777230	0.217766	-0.065533	-0.966750	0.116953
2018-07-12/IMG_20180712_182815.jpg	-34.347300	-0.040266	-20.893230	0.269004	-0.089500	-0.952268	0.113194
2018-07-12/IMG_20180712_182813.jpg	-34.404570	-0.044547	-19.530710	0.175765	-0.080385	-0.970420	0.144676
2018-07-12/IMG_20180712_183729.jpg	-35.573790	-0.034048	-120.673500	0.983571	-0.118422	-0.118929	-0.066479
2018-07-12/IMG_20180712_183731.jpg	-34.005780	0.028331	-120.716800	0.981507	-0.133970	-0.114002	-0.075504
2018-07-12/IMG_20180712_182726.jpg	-51.836880	-0.014302	15.268910	0.249582	-0.007053	-0.967677	0.035498
2018-07-12/IMG_20180712_182724.jpg	-52.930080	-0.014757	16.930510	0.293646	-0.014553	-0.955166	0.034901
2018-07-12/IMG_20180712_182722.jpg	-54.223940	0.013404	18.435060	0.247843	-0.002798	-0.967732	0.045403
2018-07-12/IMG_20180712_182720.jpg	-55.010250	0.008124	20.245130	0.207491	-0.014562	-0.977846	0.023495
2018-07-12/IMG_20180712_182718.jpg	-55.252570	-0.004170	21.294200	0.161860	-0.022356	-0.985411	0.047608
2018-07-12/IMG_20180712_182717.jpg	-55.415050	-0.021288	22.942260	0.172120	-0.027670	-0.983180	0.054468
2018-07-12/IMG_20180712_182714.jpg	-55.473740	0.012697	25.009630	0.180021	-0.013226	-0.982487	0.046218
2018-07-12/IMG_20180712_182712.jpg	-55.631200	0.018929	27.251950	0.191894	-0.012950	-0.980941	0.027641
2018-07-12/IMG_20180712_182710.jpg	-55.631650	0.048279	29.157970	0.152763	-0.014543	-0.987672	0.030910
2018-07-12/IMG_20180712_182708.jpg	-55.808590	0.048445	31.040660	0.174249	-0.002123	-0.984697	0.002133
2018-07-12/IMG_20180712_182706.jpg	-56.025890	0.045756	32.549450	0.238800	0.001490	-0.971030	-0.008569
2018-07-12/IMG_20180712_183733.jpg	-32.857910	0.002813	-120.685100	0.985509	-0.155487	-0.024919	-0.063047
2018-07-13/IMG_20180713_174949.jpg	-43.141870	-0.231662	-98.294830	0.917816	-0.182554	-0.349743	0.044352
2018-07-13/IMG_20180713_174956.jpg	-42.892410	-0.172080	-102.470500	0.916571	-0.170440	-0.358664	0.046990
2018-07-13/IMG_20180713_174952.jpg	-42.975540	-0.313496	-100.121800	0.906235	-0.191897	-0.375690	0.027767
2018-07-13/IMG_20180713_174950.jpg	-42.997860	-0.100953	-99.244660	0.915192	-0.170248	-0.358122	0.072026
2018-07-13/IMG_20180713_174954.jpg	-42.859990	0.015998	-101.628100	0.922428	-0.161768	-0.349690	0.025971
2018-07-13/IMG_20180713_174958.jpg	-42.777900	-0.144675	-103.376300	0.919786	-0.173282	-0.351111	0.026237
2018-07-13/IMG_20180713_174947.jpg	-43.061090	-0.097915	-97.406030	0.920861	-0.129964	-0.365382	0.040246
2018-07-13/IMG_20180713_174945.jpg	-43.091580	-0.100175	-96.561420	0.910119	-0.123852	-0.393029	0.043259
2018-07-13/IMG_20180713_174944.jpg	-42.737660	-0.234324	-95.845050	0.902628	-0.163501	-0.393288	0.062085
2018-07-13/IMG_20180713_174942.jpg	-42.698900	-0.213040	-94.935810	0.907774	-0.138267	-0.394409	0.035653
2018-07-13/IMG_20180713_174941.jpg	-42.514910	-0.185120	-94.127690	0.911336	-0.173983	-0.365858	0.073115
2018-07-13/IMG_20180713_174940.jpg	-42.631150	-0.241346	-93.399300	0.892787	-0.149642	-0.419297	0.068769
2018-07-13/IMG_20180713_174938.jpg	-42.631770	-0.159457	-92.513220	0.885392	-0.137092	-0.435626	0.086699
2018-07-13/IMG_20180713_174936.jpg	-42.324600	-0.471124	-91.324520	0.871041	-0.165138	-0.458421	0.062183
2018-07-13/IMG_20180713_174934.jpg	-42.053330	-0.456077	-90.183140	0.864140	-0.190801	-0.452910	0.108301
2018-07-13/IMG_20180713_174933.jpg	-41.986020	-0.556304	-89.490420	0.835551	-0.184941	-0.509154	0.091722
2018-07-13/IMG_20180713_174931.jpg	-42.354770	0.139633	-89.064180	0.846820	-0.236937	-0.459707	0.124200
2018-07-13/IMG_20180713_174929.jpg	-42.297700	-0.070403	-87.657310	0.810064	-0.206256	-0.533660	0.128306
2018-07-13/IMG_20180713_175000.jpg	-42.779460	-0.413585	-104.412300	0.922797	-0.167468	-0.346732	0.013318
2018-07-13/IMG_20180713_175001.jpg	-42.678360	-0.160255	-105.371100	0.911692	-0.195539	-0.360605	0.023390
2018-07-13/IMG_20180713_174927.jpg	-42.002370	0.037377	-86.500080	0.782230	-0.197147	-0.564070	0.176282
2018-07-13/IMG_20180713_174924.jpg	-41.559770	-0.222990	-85.120850	0.797301	-0.199407	-0.545656	0.163730
2018-07-13/IMG_20180713_174921.jpg	-41.348710	-0.171025	-83.741300	0.779032	-0.217730	-0.564653	0.163920
2018-07-13/IMG_20180713_175004.jpg	-42.524960	-0.170830	-106.419700	0.912550	-0.180348	-0.366278	0.023838
2018-07-13/IMG_20180713_175006.jpg	-42.402900	-0.266378	-107.545600	0.906364	-0.207386	-0.366814	0.030707
2018-07-13/IMG_20180713_174920.jpg	-40.812310	-0.887484	-82.618690	0.722683	-0.184699	-0.646948	0.158351
2018-07-13/IMG_20180713_174918.jpg	-41.252860	-0.080537	-82.126090	0.685564	-0.194566	-0.678230	0.179307
2018-07-13/IMG_20180713_175008.jpg	-42.482670	-0.239802	-108.749200	0.913904	-0.158781	-0.370866	0.045025
2018-07-13/IMG_20180713_174916.jpg	-40.645610	-0.453546	-81.598530	0.572836	-0.150457	-0.779773	0.202918
2018-07-13/IMG_20180713_174914.jpg	-40.667450	-0.673617	-80.137600	0.580819	-0.148698	-0.777782	0.188664
2018-07-13/IMG_20180713_174913.jpg	-41.284570	-0.508071	-78.945170	0.594459	-0.149445	-0.764770	0.198527
2018-07-13/IMG_20180713_174911.jpg	-41.744500	-0.268092	-77.449650	0.582620	-0.120401	-0.778641	0.199438
2018-07-13/IMG_20180713_174909.jpg	-42.207130	0.099136	-76.233940	0.542285	-0.126040	-0.811601	0.177045
2018-07-13/IMG_20180713_174908.jpg	-42.069590	-0.308481	-75.422260	0.536974	-0.126012	-0.813278	0.185363
2018-07-13/IMG_20180713_174905.jpg	-42.823140	0.145278	-72.312160	0.546141	-0.089505	-0.814122	0.175851
2018-07-13/IMG_20180713_174904.jpg	-42.713150	-0.481952	-71.749210	0.563659	-0.098216	-0.800485	0.178512
2018-07-13/IMG_20180713_174902.jpg	-42.939000	-0.243494	-69.985390	0.536075	-0.087524	-0.826347	0.148707
2018-07-13/IMG_20180713_174901.jpg	-43.035920	-0.155697	-68.943480	0.511191	-0.089895	-0.844061	0.134773
2018-07-13/IMG_20180713_174900.jpg	-43.072870	-0.428059	-68.198660	0.490731	-0.087417	-0.858422	0.121051
2018-07-13/IMG_20180713_174858.jpg	-42.997260	-0.218686	-66.883940	0.468830	-0.100543	-0.866536	0.138583
2018-07-13/IMG_20180713_174856.jpg	-43.117650	-0.355417	-65.664350	0.412666	-0.082945	-0.892879	0.159981
2018-07-13/IMG_20180713_174855.jpg	-43.013290	-0.119700	-64.680370	0.425990	-0.092211	-0.892702	0.114514
2018-07-13/IMG_20180713_174853.jpg	-43.011180	0.006997	-62.940000	0.471205	-0.043785	-0.871741	0.126949
2018-07-13/IMG_20180713_174851.jpg	-43.171280	-0.222754	-61.343640	0.440848	-0.067632	-0.886395	0.124031
2018-07-13/IMG_20180713_174849.jpg	-43.104000	-0.242525	-59.360410	0.468736	-0.056851	-0.871790	0.130527
2018-07-13/IMG_20180713_174847.jpg	-43.001620	-0.265374	-57.818290	0.441360	-0.069239	-0.886690	0.119111
2018-07-13/IMG_20180713_174845.jpg	-43.145680	-0.287859	-56.112860	0.453197	-0.050849	-0.885176	0.092148
2018-07-13/IMG_20180713_174842.jpg	-42.857240	-0.106116	-54.199180	0.473811	-0.062963	-0.870839	0.114800
2018-07-13/IMG_20180713_174840.jpg	-43.001420	-0.282891	-52.807220	0.458079	-0.036690	-0.880515	0.116237
2018-07-13/IMG_20180713_174838.jpg	-42.842480	-0.210671	-51.173690	0.440204	-0.023782	-0.888642	0.126372
2018-07-13/IMG_20180713_174837.jpg	-42.763690	-0.184900	-50.173940	0.483106	-0.044186	-0.866614	0.116773
2018-07-13/IMG_20180713_174834.jpg	-42.808860	-0.237713	-48.011110	0.433820	-0.043332	-0.894067	0.102800
2018-07-13/IMG_20180713_174832.jpg	-42.880750	-0.289049	-46.306420	0.420087	-0.053181	-0.901639	0.088015
2018-07-13/IMG_20180713_174830.jpg	-42.775640	-0.233554	-44.831440	0.423891	-0.058579	-0.896347	0.115962
2018-07-13/IMG_20180713_174828.jpg	-42.697690	-0.198448	-43.073460	0.421348	-0.072209	-0.895730	0.122149
2018-07-13/IMG_20180713_174826.jpg	-43.041770	-0.237153	-41.815140	0.447515	-0.051313	-0.891463	0.048896
2018-07-13/IMG_20180713_174824.jpg	-42.985270	-0.285546	-40.413910	0.392517	-0.043115	-0.916761	0.060178
2018-07-13/IMG_20180713_174823.jpg	-42.944530	-0.249934	-39.293300	0.411187	-0.074665	-0.907183	0.048671
2018-07-13/IMG_20180713_174821.jpg	-42.964690	-0.282737	-38.355810	0.364729	-0.061201	-0.927228	0.058951
2018-07-13/IMG_20180713_174820.jpg	-42.898220	-0.227707	-36.872590	0.313381	-0.053442	-0.945279	0.073375
2018-07-13/IMG_20180713_174818.jpg	-42.928010	-0.304417	-36.160670	0.341397	-0.035194	-0.935946	0.078834
2018-07-13/IMG_20180713_174816.jpg	-42.825630	-0.204444	-34.846810	0.349792	-0.037408	-0.930989	0.097499
2018-07-13/IMG_20180713_174814.jpg	-42.840530	-0.223981	-33.954740	0.358535	-0.060371	-0.927073	0.091346
2018-07-13/IMG_20180713_174805.jpg	-43.007990	-0.415997	-32.484240	0.373436	-0.088701	-0.917593	0.103442
2018-07-13/IMG_20180713_174803.jpg	-43.004130	-0.250435	-31.401410	0.378666	-0.090451	-0.915794	0.098751
2018-07-13/IMG_20180713_174802.jpg	-43.079410	-0.157394	-30.145070	0.381009	-0.079767	-0.919341	0.057293
2018-07-13/IMG_20180713_174800.jpg	-43.169800	-0.055671	-28.841430	0.352583	-0.056417	-0.933079	0.043192
2018-07-13/IMG_20180713_174758.jpg	-43.447490	-0.260402	-27.464490	0.329365	-0.061460	-0.941154	0.044400
2018-07-13/IMG_20180713_174756.jpg	-43.662190	-0.254213	-26.098890	0.387215	-0.081242	-0.916828	0.053758
2018-07-13/IMG_20180713_174755.jpg	-43.924470	-0.247101	-24.615550	0.360933	-0.082133	-0.927858	0.045398
2018-07-13/IMG_20180713_174753.jpg	-44.033890	-0.190617	-23.567910	0.304723	-0.084726	-0.948402	0.022354
2018-07-13/IMG_20180713_174751.jpg	-44.359550	-0.222884	-22.093360	0.245251	-0.055660	-0.965720	0.064329
2018-07-13/IMG_20180713_174741.jpg	-44.413810	-0.156854	-20.241000	0.330189	-0.078439	-0.939273	0.050876
2018-07-13/IMG_20180713_174748.jpg	-44.460400	-0.198695	-20.941520	0.334864	-0.058116	-0.939462	0.043586
2018-07-13/IMG_20180713_174740.jpg	-44.446780	-0.223423	-18.940900	0.252732	-0.045968	-0.963971	0.069090
2018-07-13/IMG_20180713_174738.jpg	-44.741380	-0.196183	-17.368480	0.316137	-0.065323	-0.944151	0.066097
2018-07-13/IMG_20180713_174736.jpg	-44.854850	-0.240000	-15.859180	0.310219	-0.081660	-0.944099	0.075984
2018-07-13/IMG_20180713_174734.jpg	-45.013150	-0.257966	-14.422640	0.360259	-0.077689	-0.926884	0.071158
2018-07-13/IMG_20180713_174733.jpg	-45.137890	-0.251794	-13.020590	0.295792	-0.068391	-0.950580	0.065017
2018-07-13/IMG_20180713_174730.jpg	-45.346800	-0.145549	-10.907970	0.305653	-0.112670	-0.943694	0.057654
2018-07-13/IMG_20180713_174729.jpg	-45.541120	-0.176758	-9.752884	0.323186	-0.106481	-0.937538	0.072357
2018-07-13/IMG_20180713_174727.jpg	-45.751810	-0.286613	-8.340706	0.311761	-0.101774	-0.943394	0.049552
2018-07-13/IMG_20180713_174725.jpg	-46.218220	-0.131607	-6.428062	0.311398	-0.083545	-0.943465	0.076979
2018-07-13/IMG_20180713_174723.jpg	-46.644340	-0.235737	-5.077194	0.317965	-0.058369	-0.942889	0.080320
2018-07-13/IMG_20180713_174721.jpg	-46.898120	-0.123851	-3.768959	0.265640	-0.055057	-0.958654	0.085946
2018-07-13/IMG_20180713_174719.jpg	-47.486280	-0.135259	-1.899773	0.319052	-0.066253	-0.940814	0.093194
2018-07-13/IMG_20180713_174717.jpg	-47.741490	-0.206588	-0.794960	0.298097	-0.032097	-0.952213	0.058300
2018-07-13/IMG_20180713_174715.jpg	-47.831380	-0.209922	0.484055	0.333385	-0.046536	-0.939193	0.067869
2018-07-13/IMG_20180713_175011.jpg	-41.883040	-0.137407	-110.085100	0.929004	-0.163465	-0.329529	0.040513
2018-07-13/IMG_20180713_175012.jpg	-41.694110	-0.061780	-110.613600	0.924448	-0.135481	-0.353613	0.044698
2018-07-13/IMG_20180713_175014.jpg	-41.942810	-0.403398	-111.433200	0.917241	-0.150084	-0.368394	0.020759
2018-07-13/IMG_20180713_175016.jpg	-41.689620	-0.241211	-112.710600	0.943182	-0.168233	-0.286317	0.011335
2018-07-13/IMG_20180713_175019.jpg	-41.743280	-0.258061	-113.571000	0.933208	-0.149995	-0.323910	0.041312
2018-07-13/IMG_20180713_175021.jpg	-41.308150	-0.235982	-114.906100	0.940427	-0.164858	-0.297249	0.007956
2018-07-13/IMG_20180713_175022.jpg	-41.178950	-0.240000	-115.756600	0.932425	-0.144690	-0.329681	0.030962
2018-07-13/IMG_20180713_175025.jpg	-41.019440	-0.289838	-116.866800	0.937105	-0.149024	-0.315158	0.017372
2018-07-13/IMG_20180713_175027.jpg	-41.022670	-0.350349	-117.611900	0.933596	-0.149453	-0.324729	0.024770
2018-07-13/IMG_20180713_175029.jpg	-40.902450	-0.341035	-118.718900	0.936271	-0.137509	-0.323242	0.001569
2018-07-13/IMG_20180713_175031.jpg	-40.530570	-0.328096	-119.813600	0.949115	-0.177673	-0.259221	-0.020428
2018-07-13/IMG_20180713_175033.jpg	-40.521420	-0.283789	-120.665100	0.935292	-0.113415	-0.334548	0.021089
2018-07-13/IMG_20180713_175035.jpg	-40.315070	-0.256051	-121.663800	0.939113	-0.110543	-0.323748	0.032166
2018-07-13/IMG_20180713_175037.jpg	-39.667430	-0.341156	-122.247500	0.952436	-0.135221	-0.271328	0.031020
2018-07-13/IMG_20180713_175040.jpg	-39.250120	-0.298085	-123.449000	0.952845	-0.114309	-0.281082	0.003464
2018-07-13/IMG_20180713_175042.jpg	-39.016650	-0.386753	-124.166600	0.947264	-0.113379	-0.299067	0.019856
2018-07-13/IMG_20180713_175044.jpg	-38.809350	-0.241523	-125.149100	0.952194	-0.113345	-0.283641	0.005252
2018-07-13/IMG_20180713_175046.jpg	-38.923840	-0.291637	-125.888400	0.944000	-0.122771	-0.306253	-0.000340
2018-07-13/IMG_20180713_175047.jpg	-38.822950	-0.327646	-126.566800	0.946017	-0.120576	-0.300848	0.002279
2018-07-13/IMG_20180713_175049.jpg	-38.690530	-0.307141	-127.110100	0.943310	-0.110945	-0.312819	0.001395
2018-07-13/IMG_20180713_175052.jpg	-38.177830	-0.243428	-127.618900	0.960897	-0.128749	-0.244390	0.019368
2018-07-13/IMG_20180713_175053.jpg	-37.080600	-0.259403	-127.382000	0.949962	-0.122490	-0.287204	0.009008
2018-07-13/IMG_20180713_175055.jpg	-35.875840	-0.357523	-126.913500	0.959544	-0.117670	-0.255788	0.000851
2018-07-13/IMG_20180713_175057.jpg	-35.048090	-0.240000	-126.727700	0.964928	-0.117988	-0.234419	0.006386
2018-07-13/IMG_20180713_175058.jpg	-34.027820	-0.241032	-126.425300	0.957483	-0.129521	-0.257777	0.001208
2018-07-13/IMG_20180713_175100.jpg	-33.269910	-0.227344	-126.190700	0.956903	-0.115652	-0.266217	0.009476
2018-07-20/IMG_20180720_180949.jpg	-72.846980	-0.027183	-11.627710	0.342488	-0.049846	-0.938146	0.009988
2018-07-20/IMG_20180720_181005.jpg	-72.564250	0.013828	-23.856590	0.438603	-0.017566	-0.897457	0.043463
2018-07-20/IMG_20180720_180958.jpg	-72.873720	-0.054017	-17.869880	0.391177	-0.035954	-0.919392	0.020178
2018-07-20/IMG_20180720_180955.jpg	-72.564580	-0.010307	-15.349310	0.372489	-0.033334	-0.927026	0.027623
2018-07-20/IMG_20180720_181000.jpg	-72.925190	0.006653	-19.260220	0.409866	-0.028551	-0.911037	0.034742
2018-07-20/IMG_20180720_181001.jpg	-72.891460	0.010694	-20.693410	0.424990	-0.039528	-0.904212	0.014878
2018-07-20/IMG_20180720_181002.jpg	-72.700870	0.044398	-21.380860	0.406384	-0.046493	-0.912509	0.004201
2018-07-20/IMG_20180720_180956.jpg	-72.910470	0.025757	-16.625170	0.365858	-0.028717	-0.929968	0.021958
2018-07-20/IMG_20180720_180953.jpg	-72.692800	0.061494	-14.606580	0.326847	-0.032565	-0.944375	-0.016339
2018-07-20/IMG_20180720_180948.jpg	-72.793610	-0.029081	-10.936660	0.339231	-0.061225	-0.938231	0.029940
2018-07-20/IMG_20180720_180950.jpg	-72.410960	0.012241	-12.740420	0.293809	-0.054631	-0.954298	-0.002606
2018-07-20/IMG_20180720_181004.jpg	-72.401120	-0.095666	-22.963620	0.379443	-0.041885	-0.923940	0.024585
2018-07-20/IMG_20180720_181006.jpg	-72.362810	0.015012	-25.135960	0.479210	-0.018969	-0.876991	0.029753
2018-07-20/IMG_20180720_181007.jpg	-72.533860	-0.024695	-26.218570	0.468903	-0.017197	-0.881362	0.055092
2018-07-20/IMG_20180720_181008.jpg	-72.483940	0.062891	-27.467030	0.487857	-0.008837	-0.872815	0.010588
2018-07-20/IMG_20180720_181010.jpg	-72.535720	0.012400	-28.636890	0.495874	-0.009302	-0.868299	0.008914
2018-07-20/IMG_20180720_181011.jpg	-72.633600	-0.014804	-29.823420	0.494879	-0.017310	-0.868789	0.000407
2018-07-20/IMG_20180720_181012.jpg	-72.568140	-0.014552	-31.012480	0.498237	-0.049894	-0.865503	-0.013269
2018-07-20/IMG_20180720_181017.jpg	-72.429870	-0.007669	-33.500560	0.529508	-0.038601	-0.847410	0.005212
2018-07-20/IMG_20180720_181019.jpg	-72.201120	0.005521	-34.254540	0.473548	-0.020558	-0.879649	0.039336
2018-07-20/IMG_20180720_181021.jpg	-72.199010	-0.017077	-35.550330	0.507013	-0.032939	-0.861101	0.018927
2018-07-20/IMG_20180720_181022.jpg	-72.060170	-0.009177	-36.113920	0.488322	-0.026546	-0.871632	0.033098
2018-07-20/IMG_20180720_181023.jpg	-72.272480	0.035554	-37.148710	0.463691	-0.005182	-0.885202	0.037180
2018-07-20/IMG_20180720_181024.jpg	-72.583180	0.083219	-36.832240	0.458660	-0.011197	-0.888303	0.020566
2018-07-20/IMG_20180720_181025.jpg	-72.180440	0.023837	-39.512020	0.409314	-0.029398	-0.910287	0.054556
2018-07-20/IMG_20180720_181026.jpg	-72.338130	-0.005853	-40.555550	0.532142	-0.033904	-0.845229	0.035555
2018-07-20/IMG_20180720_181027.jpg	-72.332940	-0.000772	-41.564570	0.531967	-0.030476	-0.845489	0.035090
2018-07-20/IMG_20180720_181028.jpg	-72.251800	0.015474	-42.581970	0.480356	-0.013707	-0.876360	0.032619
2018-07-20/IMG_20180720_181029.jpg	-72.199680	0.012937	-43.772090	0.482839	-0.059035	-0.873377	0.024393
2018-07-20/IMG_20180720_181030.jpg	-72.306790	0.013207	-45.054260	0.437321	-0.021219	-0.899038	0.005556
2018-07-20/IMG_20180720_181032.jpg	-72.267590	0.034293	-46.109930	0.392771	-0.014617	-0.919453	-0.011129
2018-07-20/IMG_20180720_181033.jpg	-72.281970	0.009877	-47.105920	0.532250	-0.033307	-0.845931	-0.001122
2018-07-20/IMG_20180720_181034.jpg	-72.278770	0.652828	-48.268140	0.554678	-0.035365	-0.831309	0.002459
2018-07-20/IMG_20180720_181035.jpg	-72.191360	0.039140	-49.039650	0.561027	-0.028603	-0.827284	0.005737
2018-07-20/IMG_20180720_181036.jpg	-72.218700	0.062844	-49.964120	0.573762	-0.010847	-0.818489	-0.027495
2018-07-20/IMG_20180720_181038.jpg	-72.160080	0.050914	-50.922030	0.569735	-0.013897	-0.821707	-0.002466
2018-07-20/IMG_20180720_181039.jpg	-72.046660	0.038448	-52.006190	0.550960	-0.008970	-0.834463	0.005878
2018-07-20/IMG_20180720_181040.jpg	-71.997330	0.041576	-53.225740	0.545790	-0.000119	-0.837907	-0.005116
2018-07-20/IMG_20180720_181041.jpg	-73.049520	0.587751	-52.854430	0.568653	-0.020965	-0.822310	-0.000118
2018-07-20/IMG_20180720_181042.jpg	-72.034870	0.016362	-55.220720	0.565156	0.014013	-0.824785	0.011517
2018-07-20/IMG_20180720_181044.jpg	-71.805230	0.022218	-56.792680	0.561090	0.003946	-0.827562	-0.017428
2018-07-20/IMG_20180720_181045.jpg	-71.662270	0.030828	-57.725220	0.560172	-0.014271	-0.828216	-0.007844
2018-07-20/IMG_20180720_181047.jpg	-71.660410	0.030000	-58.999670	0.573754	0.002333	-0.819023	0.001238
2018-07-20/IMG_20180720_181048.jpg	-72.417650	0.653488	-59.423100	0.553450	0.002831	-0.832383	0.028715
2018-07-20/IMG_20180720_181049.jpg	-71.821390	0.368612	-61.331580	0.569473	-0.005156	-0.821989	-0.003043
2018-07-20/IMG_20180720_181050.jpg	-72.524400	0.890269	-62.050270	0.544479	0.006682	-0.838553	0.018110
2018-07-20/IMG_20180720_181052.jpg	-70.779240	-0.124970	-64.715460	0.584729	0.010309	-0.811155	-0.003656
2018-07-20/IMG_20180720_181053.jpg	-73.535350	0.758369	-63.625220	0.579321	-0.020924	-0.814756	0.011055
2018-07-20/IMG_20180720_181054.jpg	-71.377490	-0.228506	-66.643910	0.618852	-0.017591	-0.785147	-0.016020
2018-07-20/IMG_20180720_181056.jpg	-70.630940	-0.091549	-68.190160	0.630132	0.013327	-0.776210	0.015937
2018-07-20/IMG_20180720_181057.jpg	-71.415770	-0.078704	-68.756090	0.635242	-0.032491	-0.771153	0.027126
2018-07-20/IMG_20180720_181058.jpg	-70.320680	-0.355261	-70.771140	0.615825	-0.006445	-0.787382	0.027338
2018-07-20/IMG_20180720_181059.jpg	-71.591930	0.389862	-70.782910	0.627395	-0.025791	-0.777906	0.023929
2018-07-20/IMG_20180720_181100.jpg	-70.934270	-0.073497	-72.303720	0.642243	0.001047	-0.765825	0.032179
2018-07-20/IMG_20180720_181101.jpg	-71.425020	-0.135103	-73.119710	0.641623	0.010174	-0.766811	0.014769
2018-07-20/IMG_20180720_181103.jpg	-70.660620	-0.301385	-74.270360	0.600177	0.009618	-0.797590	0.059552
2018-07-20/IMG_20180720_181104.jpg	-69.807560	-0.069025	-75.759250	0.680832	-0.006221	-0.732365	0.008434
2018-07-20/IMG_20180720_181105.jpg	-75.692590	0.214869	-75.001360	0.660821	-0.015711	-0.750358	0.005633
2018-07-20/IMG_20180720_181106.jpg	-73.757250	0.400226	-76.923140	0.684028	-0.012199	-0.729352	-0.001977
2018-07-20/IMG_20180720_181107.jpg	-72.058040	0.030000	-78.334560	0.670447	0.000415	-0.741941	0.004981
2018-07-20/IMG_20180720_181108.jpg	-71.544460	-0.071213	-79.359250	0.659203	0.038114	-0.750518	0.026851
2018-07-20/IMG_20180720_181109.jpg	-72.020770	0.157414	-80.285400	0.664502	0.018855	-0.747047	0.001785
2018-07-20/IMG_20180720_181111.jpg	-72.461650	0.041356	-81.512760	0.696886	-0.009110	-0.717123	0.001204
2018-07-20/IMG_20180720_181112.jpg	-72.248520	0.482750	-83.242740	0.663448	-0.001520	-0.748219	-0.001877
2018-07-20/IMG_20180720_181114.jpg	-71.891850	-0.027331	-83.714540	0.718115	-0.003890	-0.695897	-0.004804
2018-07-20/IMG_20180720_181116.jpg	-71.720760	0.366800	-85.522900	0.727637	0.004219	-0.685944	-0.002704
2018-07-20/IMG_20180720_181118.jpg	-70.558470	-0.163236	-86.802820	0.736909	0.007015	-0.675602	-0.021874
2018-07-20/IMG_20180720_181126.jpg	-67.010990	-0.985849	-88.244440	0.763346	-0.026933	-0.644895	0.026224
2018-07-20/IMG_20180720_181128.jpg	-70.959600	-0.107692	-90.191530	0.813995	-0.054201	-0.577241	0.035609
2018-07-20/IMG_20180720_181129.jpg	-72.113250	0.386714	-91.649620	0.810278	-0.032810	-0.584408	0.028982
2018-07-20/IMG_20180720_181131.jpg	-71.205840	0.187698	-92.843220	0.790427	-0.033891	-0.611060	0.026111
2018-07-20/IMG_20180720_181133.jpg	-72.155610	0.892542	-93.936050	0.764023	-0.029262	-0.642163	0.055130
2018-07-20/IMG_20180720_181134.jpg	-68.229950	-0.466046	-93.190280	0.768177	-0.033430	-0.639228	0.013219
2018-07-20/IMG_20180720_181135.jpg	-72.079560	0.620013	-96.133710	0.801219	-0.026934	-0.597315	0.023180
2018-07-20/IMG_20180720_181137.jpg	-70.829260	0.143246	-96.325680	0.806524	-0.032985	-0.589765	0.024671
2018-07-20/IMG_20180720_181138.jpg	-71.130840	0.366706	-97.369150	0.799151	-0.039275	-0.597791	0.049605
2018-07-20/IMG_20180720_181139.jpg	-70.129200	0.064622	-97.597660	0.805694	-0.043333	-0.589547	0.037607
2018-07-20/IMG_20180720_181141.jpg	-71.567250	0.777984	-99.406970	0.812863	-0.016472	-0.579604	0.055153
2018-07-20/IMG_20180720_181142.jpg	-72.111420	1.007114	-100.796900	0.796920	-0.036282	-0.602718	0.018241
2018-07-20/IMG_20180720_181143.jpg	-68.132380	-0.295988	-99.366650	0.788502	-0.032270	-0.613841	0.020545
2018-07-20/IMG_20180720_181145.jpg	-69.340380	0.018496	-100.974700	0.810714	-0.002705	-0.584215	0.037781
2018-07-20/IMG_20180720_181146.jpg	-68.470990	-0.261963	-101.402300	0.817964	0.004980	-0.574654	0.026157
2018-07-20/IMG_20180720_181148.jpg	-67.274830	-0.099299	-101.936600	0.791723	-0.001790	-0.610552	0.019919
2018-07-20/IMG_20180720_181149.jpg	-67.093910	-0.577638	-102.723500	0.806042	0.004398	-0.591783	0.008358
2018-07-20/IMG_20180720_181151.jpg	-68.242730	-0.192908	-105.290000	0.821988	0.038345	-0.567293	0.032315
2018-07-20/IMG_20180720_181153.jpg	-68.714340	0.288390	-106.752900	0.836115	-0.003547	-0.546279	0.049791
2018-07-20/IMG_20180720_181155.jpg	-68.207250	0.240772	-108.295400	0.811305	0.027716	-0.582123	0.046360
2018-07-20/IMG_20180720_181155_1.jpg	-66.932490	-0.404525	-107.580500	0.791928	0.043099	-0.608058	0.035476
2018-07-20/IMG_20180720_181158.jpg	-67.342830	-0.107547	-108.491500	0.869533	0.012838	-0.492824	0.029537
2018-07-20/IMG_20180720_181159.jpg	-67.436370	-0.055465	-109.674000	0.855859	-0.016492	-0.516917	0.005543
2018-07-20/IMG_20180720_181201.jpg	-67.663100	0.858433	-112.096300	0.854890	-0.008335	-0.518636	-0.010476
2018-07-20/IMG_20180720_181202.jpg	-66.500730	-0.166226	-111.102300	0.847932	-0.006492	-0.529529	-0.023843
2018-07-20/IMG_20180720_181203.jpg	-67.193160	0.265386	-112.982500	0.866510	0.023483	-0.498384	0.014939
2018-07-20/IMG_20180720_181300.jpg	-66.727710	0.061825	-115.418500	0.866963	-0.016433	-0.498046	0.007401
2018-07-20/IMG_20180720_181301.jpg	-66.833120	-0.110057	-115.543600	0.892200	-0.047571	-0.446527	0.048276
2018-07-20/IMG_20180720_181303.jpg	-66.895900	0.048413	-115.944200	0.898164	-0.043933	-0.435639	0.039884
2018-07-20/IMG_20180720_181340.jpg	-66.523140	-0.003817	-117.428800	0.882131	-0.089748	-0.458533	0.059473
2018-07-20/IMG_20180720_181343.jpg	-66.760930	0.033455	-118.263700	0.894596	-0.103999	-0.429165	0.068556
2018-07-20/IMG_20180720_181344.jpg	-66.949390	0.008186	-119.354800	0.893912	-0.130952	-0.424215	0.061758
2018-07-20/IMG_20180720_181346.jpg	-66.912490	0.014451	-119.822000	0.882961	-0.109591	-0.452614	0.059246
2018-07-20/IMG_20180720_181348.jpg	-67.300170	-0.144296	-120.984900	0.892134	-0.080903	-0.440813	0.056879
2018-07-20/IMG_20180720_181350.jpg	-67.898700	-0.086942	-122.138000	0.888262	-0.068491	-0.452670	0.037269
2018-07-20/IMG_20180720_181352.jpg	-68.415680	0.005279	-123.144100	0.915950	-0.078329	-0.389826	0.054182
2018-07-20/IMG_20180720_181354.jpg	-68.598570	-0.052562	-123.806300	0.897341	-0.087416	-0.429678	0.050133
2018-07-20/IMG_20180720_181356.jpg	-69.009800	0.030000	-124.730100	0.896633	-0.074791	-0.434074	0.045126
2018-07-20/IMG_20180720_181358.jpg	-69.387560	-0.170314	-125.384500	0.905459	-0.087229	-0.412705	0.047008
2018-07-20/IMG_20180720_181400.jpg	-69.679010	0.162278	-127.045800	0.919509	-0.068926	-0.383709	0.050195
2018-07-20/IMG_20180720_181402.jpg	-69.763170	-0.028889	-127.463000	0.912428	-0.056612	-0.403505	0.038141
2018-07-20/IMG_20180720_181404.jpg	-69.793660	0.034076	-128.509100	0.909424	-0.043839	-0.409333	0.058935
2018-07-20/IMG_20180720_181406.jpg	-69.945820	0.042703	-129.438200	0.912319	-0.061930	-0.400002	0.061950
2018-07-20/IMG_20180720_181408.jpg	-69.868100	0.054386	-130.113900	0.909495	-0.053177	-0.407921	0.059931
2018-07-20/IMG_20180720_181410.jpg	-69.847200	0.067798	-130.695200	0.918270	-0.072696	-0.382358	0.072782
2018-07-20/IMG_20180720_181412.jpg	-69.642730	0.122664	-131.484300	0.908849	-0.091017	-0.403820	0.051370
2018-07-20/IMG_20180720_181417.jpg	-68.556050	0.060939	-131.641100	0.906219	-0.051302	-0.415701	0.057686
2018-07-20/IMG_20180720_181419.jpg	-68.618550	0.084492	-132.691100	0.923177	-0.059395	-0.378587	0.029811
2018-07-20/IMG_20180720_181422.jpg	-68.367590	0.077008	-134.081800	0.933563	-0.063153	-0.351177	0.033851
2018-07-20/IMG_20180720_181423.jpg	-68.262800	-0.302141	-134.097900	0.900628	-0.097336	-0.422483	0.030046
2018-07-20/IMG_20180720_181430.jpg	-68.562300	-0.039418	-135.677600	0.921399	-0.085945	-0.376929	0.039520
2018-07-20/IMG_20180720_181431.jpg	-68.908450	0.041401	-136.616300	0.917241	-0.064490	-0.390639	0.043726
2018-07-20/IMG_20180720_181434.jpg	-68.958060	-0.045288	-136.497100	0.908394	-0.113177	-0.398296	0.058064
2018-07-20/IMG_20180720_181438.jpg	-70.255390	-0.099159	-137.273900	0.907780	-0.093333	-0.405789	0.050589
2018-07-20/IMG_20180720_181442.jpg	-70.697660	-0.095497	-138.015500	0.923690	-0.082632	-0.373192	0.026395
2018-07-20/IMG_20180720_181445.jpg	-70.562590	-0.106672	-138.949600	0.906882	-0.057644	-0.417407	0.003762