0 6668.57 7153.64
60 1873.49 2786.93
120 1481.71 2381.75
180 823.754 1602.77
240 652.533 1777.82
300 496.138 1979.47
360 499.641 1345.66
420 597.935 1377.14
480 377.375 1648.48
540 348.464 1243.22
600 453.434 1558.36
660 388.719 1180.9
720 302.928 1717.47
780 280.095 1150.46
840 282.961 1806.73
900 256.598 1332.67
960 273.454 1194.14
1020 278.877 1266.69
1080 260.13 1296.94
1140 220.534 1403.33
1200 258.355 1675.79
1260 223.446 1408.66
1320 218.02 1426.67
1380 203.434 1150.04
1440 211.027 1035.95
1500 193.546 1441.95
1560 194.269 1201.42
1620 210.961 899.057
1680 182.027 1097.68
1740 215.797 1184.59
1800 186.808 1255.34
1860 202.441 1478.77
1920 158.111 1784.55
1980 197.607 1070.81
2040 171.752 930.037
2100 175.23 1535.0
2160 195.44 961.044
2220 183.113 1148.42
2280 161.372 1056.76
2340 187.443 1605.94
2400 180.114 1573.49
2460 138.974 1005.78
2520 189.132 1567.35
2580 162.029 1086.21
2640 186.75 1635.69
2700 144.807 1171.83
2760 159.359 1317.51
2820 170.313 977.872
2880 144.834 784.099
2940 154.549 890.707
3000 129.036 1100.27
3060 151.64 1146.01
3120 151.133 1041.69
3180 153.064 1827.22
3240 127.01 1191.59
3300 179.921 1004.93
3360 144.551 819.496
3420 180.31 923.622
3480 132.101 1890.2
3540 157.025 1308.39
3600 173.344 1017.03
3660 157.395 971.932
3720 115.162 1070.19
3780 152.816 1473.36
3840 145.218 975.661
3900 141.177 1418.87
3960 122.06 1107.58
4020 123.075 1327.78
4080 123.147 934.005
4140 133.635 1380.43
4200 127.941 1378.95
4260 133.864 958.957
4320 133.648 826.756
4380 130.102 1117.33
4440 118.703 1538.08
4500 142.615 1139.8
4560 126.668 978.35
4620 111.629 913.258
4680 127.568 1627.7
4740 150.724 1488.52
4800 144.256 807.056
4860 124.445 959.818
4920 134.364 854.45
4980 127.267 955.188
5040 140.5 886.923
5100 180.719 1242.73
5160 130.455 976.88
5220 113.951 1230.38
5280 126.187 1766.12
5340 117.311 816.136
5400 114.121 1123.77
5460 142.812 1247.54
5520 113.012 1077.33
5580 145.01 1061.06
5640 128.92 1432.64
5700 129.322 951.336
5760 125.339 1056.17
5820 131.227 1028.7
5880 123.132 846.119
5940 117.901 898.585
6000 120.719 1486.26
6060 140.155 1053.33
6120 136.042 1250.74
6180 135.505 1505.51
6240 111.359 1148.27
6300 108.494 1451.76
6360 121.549 898.324
6420 111.454 986.048
6480 136.264 1233.32
6540 106.44 955.215
6600 128.573 1320.69
6660 104.107 911.798
6720 91.3209 845.594
6780 125.86 1285.32
6840 129.522 997.512
6900 107.486 1521.1
6960 103.606 1011.92
7020 110.414 1017.44
7080 99.7274 807.056
7140 105.377 1782.49
7200 92.4944 962.006
7260 113.423 938.293
7320 104.498 1038.1
7380 106.42 846.776
7440 109.138 1191.7
7500 98.3205 1386.53
7560 102.017 1113.87
7620 119.161 892.926
7680 93.4101 884.704
7740 100.745 754.955
7800 95.3894 1239.27
7860 97.93 1456.59
7920 107.343 899.299
7980 97.424 801.486
8040 102.024 1599.05
8100 107.144 1186.75
8160 123.299 984.263
8220 86.2352 1044.88
8280 111.965 817.184
8340 114.822 1436.09
8400 87.6354 1729.64
8460 90.2176 770.472
8520 109.539 1408.14
8580 89.97 822.777
8640 95.9518 1392.96
8700 93.1551 977.282
8760 98.1147 799.154
8820 89.0789 971.724
8880 87.6554 824.577
8940 104.573 843.315
9000 118.015 927.341
9060 111.344 943.186
9120 93.4618 1669.67
9180 103.305 973.678
9240 88.0728 983.143
9300 110.847 1131.4
9360 94.1389 1722.96
9420 116.18 1017.38
9480 103.693 1043.15
9540 92.6132 842.158
9600 95.4844 844.098
9660 97.7449 881.764
9720 86.7374 1142.8
9780 109.011 811.781
9840 109.21 1111.81
9900 83.4979 725.906
9960 90.4508 1466.3
10020 90.9817 1060.01
10080 93.9549 873.886
10140 97.5695 948.689
10200 86.2925 1232.44
10260 83.2576 1088.9
10320 80.629 875.7
10380 79.2991 944.679
10440 103.528 1587.37
10500 78.7415 695.859
10560 99.912 991.758
10620 81.8683 804.992
10680 95.263 776.988
10740 82.7708 1392.17
10800 89.8802 1495.14
10860 104.806 1172.47
10920 86.6372 993.186
10980 90.3763 1060.65
11040 72.0368 948.909
11100 87.8381 988.884
11160 107.711 889.842
11220 89.9251 809.172
11280 94.5991 645.133
11340 78.1306 1481.75
11400 91.7194 1124.72
11460 83.0307 784.678
11520 75.458 1063.26
11580 98.1644 1003.19
11640 85.0128 987.955
11700 71.3529 984.758
11760 75.7988 1635.44
11820 80.7627 718.417
11880 76.2576 911.924
11940 82.6151 851.578
12000 87.8335 1527.32
12060 80.2455 927.648
12120 83.8561 1120.86
12180 83.6752 957.752
12240 83.2719 1320.34
12300 88.2947 1003.91
12360 87.0172 874.035
12420 85.2087 1130.4
12480 78.816 1495.24
12540 91.2437 1339.74
12600 74.4686 1204.3
12660 91.653 807.305
12720 73.1206 896.876
12780 71.6073 648.672
12840 74.9763 1489.1
12900 80.2493 1042.63
12960 68.5452 819.098
13020 91.0969 760.98
13080 105.486 1072.77
13140 86.5359 1039.98
13200 85.3652 1330.23
13260 87.1679 701.812
13320 79.2726 1795.01
13380 72.4906 849.559
13440 90.9938 870.946
13500 74.2678 1634.01
13560 77.3124 941.941
13620 71.2943 839.324
13680 79.4522 849.713
13740 76.2163 958.857
13800 68.2034 791.861
13860 80.7926 842.72
13920 70.5155 1032.29
13980 93.0887 797.448
14040 74.5734 1621.84
14100 71.8452 752.353
14160 64.5764 1004.02
14220 78.4549 716.855
14280 81.8132 742.001
14340 81.5101 941.682
14400 89.3885 1574.43
14460 71.0985 818.238
14520 71.0499 681.469
14580 77.7266 1604.93
14640 80.4772 737.538
14700 80.8722 980.051
14760 78.3686 954.695
14820 84.6765 646.593
14880 78.4028 1071.56
14940 62.7201 846.281
15000 64.3922 736.443
15060 71.116 923.068
15120 78.4503 1388.1
15180 72.2408 810.484
15240 69.6096 860.2
15300 75.8482 1133.71
15360 72.4764 980.416
15420 84.0271 1551.1
15480 78.8426 1646.24
15540 62.3351 673.593
15600 61.9601 1492.95
15660 96.3435 1153.68
15720 69.2523 937.336
15780 85.2215 890.683
15840 90.1072 784.73
15900 84.0381 1741.67
15960 78.6531 828.102
16020 74.4738 713.447
16080 91.1295 773.663
16140 79.8319 655.57
16200 85.7781 910.542
16260 69.8999 1572.9
16320 70.6237 969.272
16380 76.9352 1276.75
16440 84.6894 1019.02
16500 67.1107 875.449
16560 96.1664 747.825
16620 75.0093 1032.64
16680 57.5627 1093.47
16740 74.078 1004.55
16800 69.9701 719.887
16860 65.9229 747.312
16920 77.5081 1481.66
16980 64.0418 588.496
17040 67.5298 1425.24
17100 77.1868 984.443
17160 66.4633 1329.72
17220 86.8303 893.196
17280 69.7562 1409.45
17340 72.149 651.865
17400 79.0441 925.398
17460 67.8051 1571.1
17520 243.018 1020.9
17580 365.666 1765.1
17640 235.068 763.719
17700 191.171 883.203
17760 114.691 671.379
17820 90.3417 811.456
17880 83.1768 1359.73
17940 69.7846 1027.68
18000 65.015 871.492
18060 65.2601 935.943
18120 65.0757 1553.35
18180 69.0947 784.908
18240 62.0969 728.091
18300 69.5223 608.877
18360 52.7458 741.331
18420 65.2277 694.422
18480 66.7094 856.564
18540 69.2536 939.786
18600 77.2648 672.811
18660 64.0633 1432.97
18720 69.5424 633.872
18780 70.7574 1012.32
18840 60.0153 542.663
18900 52.8867 825.047
18960 64.4319 1560.89
19020 56.7281 743.177
19080 70.8964 634.849
19140 52.6889 861.482
19200 69.1488 1011.84
19260 53.6336 997.629
19320 68.3246 1483.13
19380 60.648 711.159
19440 64.1572 820.685
19500 60.2659 891.381
19560 52.8292 859.238
19620 50.8101 1749.15
19680 54.8268 631.868
19740 63.1778 681.515
19800 60.7284 722.633
19860 52.835 726.608
19920 55.9752 884.271
19980 64.6833 793.054
