FileName	X	Y	Z	W	P	Q	R
FileName	X	Y	Z	W	P	Q	R
seq9/frame00001.png	14.769430	-0.101748	-198.558000	0.850277	-0.141279	-0.503718	0.057773
seq9/frame00002.png	14.763010	-0.195603	-198.600700	0.845149	-0.139012	-0.512377	0.062195
seq9/frame00003.png	14.755190	-0.197716	-198.673700	0.839894	-0.139977	-0.520613	0.062822
seq9/frame00004.png	14.950360	0.284695	-198.770200	0.824373	-0.156340	-0.540898	0.058279
seq9/frame00005.png	15.424570	0.178097	-198.973100	0.837142	-0.150721	-0.523547	0.048740
seq9/frame00006.png	15.735440	0.259767	-199.441100	0.871850	-0.161140	-0.456044	0.077046
seq9/frame00007.png	16.105050	0.069877	-199.911900	0.882630	-0.173927	-0.426941	0.091849
seq9/frame00008.png	16.363660	0.280033	-200.546400	0.884429	-0.190518	-0.412629	0.105952
seq9/frame00009.png	16.466000	-0.380947	-201.432200	0.884598	-0.177196	-0.417968	0.106723
seq9/frame00011.png	16.689290	0.215298	-202.456800	0.865914	-0.149573	-0.469754	0.084566
seq9/frame00010.png	16.598460	0.643943	-202.400800	0.875934	-0.186485	-0.437848	0.079066
seq9/frame00012.png	16.870570	0.660906	-202.818500	0.861322	-0.184826	-0.467682	0.072368
seq9/frame00013.png	16.758000	0.525482	-203.747700	0.859527	-0.176914	-0.469845	0.095709
seq9/frame00014.png	16.875840	0.566894	-204.250600	0.850799	-0.188797	-0.480977	0.095696
seq9/frame00015.png	16.836170	0.412788	-205.311100	0.857764	-0.177519	-0.474071	0.089359
seq9/frame00016.png	16.941230	0.554286	-205.694200	0.851191	-0.179527	-0.485255	0.088155
seq9/frame00018.png	16.849220	0.917825	-207.112300	0.888727	-0.176369	-0.420705	0.045446
seq9/frame00019.png	16.841000	0.795255	-207.747200	0.902012	-0.136485	-0.408066	0.035057
seq9/frame00017.png	16.771020	1.103863	-206.323400	0.859392	-0.188907	-0.470787	0.064188
seq9/frame00020.png	16.985720	0.879375	-208.534000	0.904359	-0.126496	-0.406998	0.022059
seq9/frame00021.png	16.737930	1.109184	-209.070800	0.901444	-0.159007	-0.401551	0.029549
seq9/frame00022.png	17.179420	1.314559	-209.663600	0.882297	-0.169545	-0.435528	0.055879
seq9/frame00024.png	17.376450	1.820163	-211.336300	0.898081	-0.146818	-0.407914	0.074172
seq9/frame00023.png	17.153590	1.084008	-211.150700	0.880051	-0.173283	-0.435248	0.077739
seq9/frame00037.png	19.507240	2.679743	-218.294900	0.947057	-0.144817	-0.284400	0.035050
seq9/frame00036.png	18.744940	1.646085	-218.471300	0.934685	-0.127299	-0.330213	0.033457
seq9/frame00035.png	18.764210	1.782774	-218.079500	0.922338	-0.121790	-0.365194	0.033073
seq9/frame00025.png	17.018410	1.548439	-213.058600	0.884520	-0.151054	-0.435287	0.073021
seq9/frame00039.png	20.446530	2.668090	-218.760000	0.940480	-0.148445	-0.304528	0.026927
seq9/frame00038.png	20.328450	1.982984	-219.428300	0.935529	-0.163487	-0.311481	0.032206
seq9/frame00034.png	18.112920	2.876343	-217.183900	0.899150	-0.140205	-0.414103	0.019767
seq9/frame00026.png	17.062280	1.435886	-213.015300	0.867086	-0.127669	-0.474321	0.082963
seq9/frame00027.png	16.790820	1.382800	-213.233400	0.842098	-0.151293	-0.511667	0.078607
seq9/frame00028.png	16.725250	0.696093	-214.348300	0.850654	-0.130454	-0.503332	0.077633
seq9/frame00031.png	17.063650	0.922185	-215.675400	0.877205	-0.123308	-0.462373	0.038967
seq9/frame00030.png	17.298820	1.776405	-215.315300	0.884923	-0.139390	-0.442045	0.045581
seq9/frame00032.png	17.690070	1.819504	-216.931000	0.887210	-0.131225	-0.440490	0.040082
seq9/frame00033.png	17.525060	1.403420	-217.195700	0.883491	-0.125824	-0.450083	0.032214
seq9/frame00040.png	21.691750	1.747485	-219.740100	0.936837	-0.155251	-0.312531	0.023609
seq9/frame00041.png	21.981520	1.656523	-220.389100	0.936308	-0.121378	-0.328307	0.028439
seq9/frame00029.png	16.801270	1.653903	-214.919800	0.844631	-0.155585	-0.507965	0.066057
seq9/frame00042.png	22.390170	2.145344	-220.484800	0.930062	-0.152980	-0.332767	0.029134
seq9/frame00043.png	22.637580	1.623081	-220.892900	0.934136	-0.126543	-0.331987	0.034089
seq9/frame00044.png	23.396690	1.919762	-221.241900	0.930657	-0.131909	-0.341203	0.007651
seq9/frame00055.png	24.429230	2.122067	-227.383700	0.965816	-0.112849	-0.233246	-0.007805
seq9/frame00054.png	23.610040	3.151027	-227.076300	0.966017	-0.122563	-0.227518	0.004980
seq9/frame00056.png	25.204410	3.290119	-227.394300	0.969173	-0.115966	-0.217252	-0.007531
seq9/frame00057.png	26.397590	2.337823	-227.703400	0.969809	-0.097892	-0.223166	-0.009226
seq9/frame00058.png	26.590370	3.144214	-227.028400	0.965817	-0.123171	-0.227950	-0.008135
seq9/frame00059.png	26.549650	3.195717	-225.917400	0.964774	-0.136947	-0.224333	-0.011498
seq9/frame00060.png	26.883050	3.159698	-225.440500	0.958798	-0.139870	-0.246943	-0.012724
seq9/frame00061.png	27.376430	3.110673	-224.817300	0.961581	-0.138195	-0.236562	-0.017388
seq9/frame00062.png	27.898110	2.976713	-224.859200	0.960425	-0.136871	-0.241551	-0.022446
seq9/frame00063.png	27.622340	2.375253	-224.193500	0.962573	-0.149058	-0.226339	-0.002460
seq9/frame00064.png	28.329510	2.183549	-223.911800	0.959923	-0.134717	-0.244522	-0.024670
seq9/frame00065.png	29.079990	2.393242	-223.749900	0.964335	-0.134060	-0.227953	-0.011149
seq9/frame00066.png	29.392050	2.209505	-222.509100	0.960397	-0.146171	-0.236943	-0.011434
seq9/frame00067.png	29.341600	1.711144	-222.825100	0.960603	-0.143030	-0.238293	-0.000923
seq9/frame00053.png	24.099950	2.554793	-227.079800	0.948442	-0.121680	-0.292145	0.017411
seq9/frame00068.png	30.414630	1.929327	-221.896500	0.966196	-0.138354	-0.217532	-0.001844
seq9/frame00069.png	31.145810	2.389773	-222.022900	0.964611	-0.140203	-0.223312	-0.000809
seq9/frame00052.png	23.467690	3.443295	-225.978700	0.934110	-0.099061	-0.342944	0.003769
seq9/frame00070.png	31.080830	1.454444	-221.744700	0.964877	-0.121869	-0.232422	0.011836
seq9/frame00049.png	24.696260	2.409541	-225.945700	0.937746	-0.102868	-0.331602	0.009537
seq9/frame00048.png	24.028580	2.929407	-224.006500	0.934129	-0.129114	-0.332271	0.018118
seq9/frame00050.png	24.427980	2.551807	-226.093900	0.923201	-0.082836	-0.375280	-0.001707
seq9/frame00051.png	24.104200	2.629286	-225.706900	0.910981	-0.112353	-0.396760	0.008509
seq9/frame00047.png	24.475410	2.489990	-223.875900	0.927302	-0.137531	-0.346722	0.031311
seq9/frame00071.png	31.733270	2.353501	-221.269700	0.975390	-0.125970	-0.180946	-0.002293
seq9/frame00072.png	32.734120	1.819556	-221.183500	0.970274	-0.115474	-0.212034	0.016592
seq9/frame00073.png	33.627990	2.100181	-221.470300	0.971631	-0.129247	-0.198064	-0.000099
seq7/frame00038.png	34.219660	1.939654	-224.093100	0.982394	-0.169747	-0.077692	0.007167
seq7/frame00034.png	33.744100	1.912785	-223.402300	0.981376	-0.181476	-0.062270	-0.009478
seq7/frame00037.png	34.476440	2.606806	-224.013200	0.981079	-0.167135	-0.097671	0.003344
seq7/frame00035.png	33.117230	1.559953	-223.831800	0.986756	-0.158117	-0.033291	-0.014269
seq7/frame00036.png	32.101300	1.136133	-224.319900	0.988065	-0.132563	-0.078239	-0.005764
seq7/frame00033.png	34.203810	2.241403	-222.849500	0.980343	-0.189393	-0.055137	0.004182
seq7/frame00040.png	34.976070	2.801012	-224.280300	0.980067	-0.195564	0.034881	-0.002711
seq7/frame00042.png	36.692440	2.306263	-224.648700	0.976588	-0.206611	0.059754	0.004184
seq7/frame00041.png	36.143970	2.624136	-224.012400	0.975667	-0.215535	0.040181	0.001968
seq7/frame00043.png	37.582510	3.674299	-223.351000	0.973564	-0.219939	0.060944	-0.009224
seq7/frame00039.png	34.069200	2.432464	-225.035600	0.976426	-0.198297	-0.081706	-0.024393
seq5/frame00068.png	32.110700	1.022034	-213.484700	0.977373	-0.178644	-0.106842	-0.037596
seq5/frame00067.png	34.079220	0.652423	-213.593400	0.984226	-0.156256	-0.080944	-0.018190
seq2/frame00041.png	32.686060	1.357109	-213.674500	0.975432	-0.143901	-0.166686	-0.006346
seq2/frame00042.png	32.880590	1.062671	-213.460400	0.979777	-0.147564	-0.134460	0.013531
seq2/frame00043.png	33.403050	1.031573	-213.036700	0.981863	-0.126925	-0.138943	0.023026
seq2/frame00044.png	34.019240	0.922061	-213.033300	0.980436	-0.145289	-0.115525	0.065496
seq2/frame00040.png	33.340370	0.698119	-214.552000	0.972577	-0.144173	-0.182035	0.013082
seq6/frame00001.png	31.892030	1.296775	-212.386600	0.967997	-0.159628	-0.193384	-0.010220
seq6/frame00002.png	32.006870	0.993044	-212.662300	0.970122	-0.153596	-0.187610	-0.008593
seq6/frame00003.png	31.929280	1.128812	-212.433100	0.969530	-0.156489	-0.188101	-0.011905
seq6/frame00004.png	31.855180	1.169438	-211.892100	0.973906	-0.160791	-0.157293	-0.030221
seq6/frame00005.png	32.212250	0.401585	-211.798000	0.977102	-0.156191	-0.144131	-0.010092
seq6/frame00006.png	31.755910	0.930372	-211.253200	0.967154	-0.180806	-0.178410	-0.009648
seq6/frame00007.png	31.607520	0.433598	-210.574900	0.964980	-0.196909	-0.173099	0.008776
seq6/frame00008.png	31.552980	0.948119	-209.800100	0.961119	-0.187833	-0.201228	0.021812
seq6/frame00009.png	31.664830	0.878479	-209.213000	0.959122	-0.191150	-0.208635	0.004310
seq5/frame00066.png	33.794420	1.231019	-213.220200	0.976763	-0.180879	-0.112741	-0.022516
seq5/frame00065.png	34.700720	1.506548	-212.976000	0.977145	-0.186439	-0.099930	-0.021008
seq6/frame00010.png	31.442740	0.591118	-208.602900	0.956721	-0.191022	-0.219254	0.011109
seq6/frame00011.png	31.541260	0.803096	-207.602900	0.952958	-0.212075	-0.216421	0.007635
seq6/frame00012.png	31.358830	0.470646	-207.051900	0.951669	-0.217856	-0.216389	0.006351
seq6/frame00014.png	31.108260	0.839221	-205.458200	0.954991	-0.228628	-0.188701	0.010613
seq6/frame00015.png	31.464530	0.027973	-205.366400	0.960749	-0.222836	-0.165117	-0.006512
seq6/frame00017.png	32.301040	-0.084910	-204.474400	0.966346	-0.237737	-0.098151	-0.004849
seq6/frame00016.png	31.556470	0.277084	-204.707500	0.955514	-0.263795	-0.131859	-0.004399
seq6/frame00018.png	33.064620	0.150091	-204.168000	0.962581	-0.266028	-0.050566	0.010507
seq6/frame00013.png	30.878600	0.071593	-206.075700	0.953277	-0.210228	-0.216756	-0.009160
seq6/frame00019.png	33.829200	0.261470	-204.109500	0.956850	-0.271319	-0.102013	0.020421
seq6/frame00020.png	34.544040	0.588814	-203.871100	0.956928	-0.282070	-0.047532	0.049655
seq2/frame00045.png	34.357380	1.483158	-212.637500	0.973727	-0.151351	-0.143919	0.090748
seq2/frame00046.png	34.721150	1.327221	-212.488900	0.970119	-0.172319	-0.163837	0.048302
seq3/frame00060.png	34.947220	1.158854	-212.255200	0.970409	-0.197595	-0.137761	0.016872
seq3/frame00061.png	34.858570	0.571372	-211.859300	0.972517	-0.174017	-0.151451	0.031483
seq3/frame00062.png	34.733770	0.852818	-211.105000	0.968827	-0.161692	-0.186391	0.022080
seq3/frame00063.png	34.832180	0.781044	-210.509800	0.967224	-0.177484	-0.180324	0.021442
seq3/frame00064.png	35.064140	0.901319	-209.780300	0.967701	-0.178891	-0.176349	0.021296
seq6/frame00021.png	35.194450	0.403050	-204.181900	0.963724	-0.253758	-0.080546	0.018837
seq9/frame00074.png	34.025180	1.892873	-221.454400	0.977701	-0.108122	-0.179875	0.007390
seq1/frame00026.png	33.180140	1.675875	-220.906600	0.969504	-0.137529	-0.202847	0.000534
seq1/frame00027.png	32.064640	1.692744	-220.334300	0.971648	-0.135657	-0.192009	-0.025112
seq1/frame00025.png	33.751790	1.879168	-220.788900	0.969564	-0.137790	-0.201246	-0.021462
seq1/frame00028.png	31.651810	1.236675	-220.476600	0.961044	-0.157058	-0.227284	-0.008332
seq1/frame00024.png	33.975550	2.310436	-221.047500	0.976876	-0.145729	-0.156345	0.005662
seq3/frame00065.png	34.733030	0.514123	-209.341600	0.962531	-0.236331	-0.132672	0.008922
seq3/frame00059.png	35.110410	1.095567	-213.015100	0.968335	-0.208059	-0.137465	0.011961
seq1/frame00023.png	34.814730	1.790244	-220.643800	0.973734	-0.144554	-0.175645	-0.009785
seq1/frame00030.png	31.027020	2.267864	-219.699000	0.952426	-0.187254	-0.240452	0.001991
seq1/frame00041.png	26.545800	1.382064	-214.784600	0.945794	-0.196561	-0.258348	0.009722
seq1/frame00042.png	26.430980	1.040037	-214.224600	0.944064	-0.189977	-0.269168	-0.014156
seq1/frame00043.png	26.500430	0.776835	-213.537300	0.937189	-0.199775	-0.285915	-0.004459
seq1/frame00045.png	26.566600	1.111667	-212.210200	0.935951	-0.178884	-0.301878	0.029437
seq1/frame00046.png	26.603600	0.870885	-211.429900	0.937018	-0.172874	-0.301443	0.035281
seq1/frame00047.png	26.816830	0.899404	-211.018200	0.937602	-0.176792	-0.297314	0.035368
seq1/frame00048.png	26.921550	0.984716	-210.497900	0.933498	-0.186012	-0.304893	0.031969
seq1/frame00049.png	26.774330	1.013409	-209.647900	0.934952	-0.178889	-0.306343	0.004126
seq1/frame00044.png	26.693860	1.195209	-213.219000	0.930453	-0.183624	-0.317074	0.001769
seq1/frame00050.png	26.793090	0.617835	-209.117400	0.939009	-0.159873	-0.303314	0.026510
seq1/frame00051.png	26.788700	0.581775	-208.557300	0.937208	-0.175578	-0.301326	0.003940
seq1/frame00052.png	26.686590	0.539890	-207.680200	0.938188	-0.180696	-0.295094	0.008419
seq1/frame00053.png	26.598140	0.341281	-207.212200	0.929611	-0.187136	-0.317466	0.004324
seq1/frame00054.png	26.554370	0.154444	-206.455400	0.926192	-0.191851	-0.324498	0.007945
seq1/frame00055.png	26.658620	0.290812	-205.894700	0.922635	-0.177048	-0.342330	0.014417
seq1/frame00056.png	26.876840	0.288371	-205.562100	0.919987	-0.188276	-0.343548	0.012273
seq1/frame00057.png	26.705080	0.289591	-204.744100	0.913067	-0.176236	-0.366649	0.028615
seq1/frame00058.png	26.888880	0.324751	-204.069100	0.918467	-0.182888	-0.349869	0.023718
seq1/frame00059.png	26.798160	0.201382	-203.337000	0.921293	-0.176708	-0.345236	0.028369
seq1/frame00061.png	26.755990	0.148184	-202.300900	0.903428	-0.203717	-0.376521	0.023444
seq1/frame00060.png	26.836510	0.043025	-202.653400	0.914577	-0.195461	-0.354001	0.005185
seq1/frame00062.png	26.717120	-0.048503	-201.293700	0.895197	-0.199829	-0.397164	0.030848
seq1/frame00063.png	26.784400	-0.007669	-200.858800	0.895673	-0.189447	-0.400193	0.041543
seq1/frame00065.png	26.833030	-0.298590	-199.567300	0.898467	-0.190506	-0.395203	0.016732
seq1/frame00066.png	26.846870	-0.126409	-199.129000	0.887675	-0.188495	-0.419988	0.010658
seq1/frame00067.png	26.953370	-0.269608	-198.374600	0.889360	-0.189917	-0.415375	0.020856
seq1/frame00068.png	26.793600	-0.301847	-197.812800	0.889641	-0.182380	-0.416909	0.038252
seq1/frame00069.png	26.906390	-0.453951	-197.096100	0.882764	-0.207542	-0.418429	0.050717
seq1/frame00070.png	26.768910	-0.416461	-196.626700	0.868266	-0.232648	-0.434412	0.057226
seq1/frame00071.png	26.790400	-0.504932	-196.017800	0.859486	-0.255715	-0.440822	0.039612
seq1/frame00072.png	26.733430	-0.536877	-195.303100	0.858553	-0.254750	-0.442305	0.048525
seq1/frame00073.png	26.759970	-0.646262	-194.708500	0.863980	-0.238612	-0.439304	0.060131
seq1/frame00040.png	26.779990	1.217821	-215.554900	0.940066	-0.197762	-0.277512	-0.012378
seq1/frame00075.png	26.833050	-0.771964	-193.550800	0.849068	-0.262513	-0.455409	0.052663
seq1/frame00074.png	26.730270	-0.685152	-194.139100	0.859173	-0.248532	-0.442203	0.067155
seq1/frame00076.png	27.061040	-0.882712	-192.990200	0.821910	-0.264708	-0.500524	0.062205
seq1/frame00077.png	27.269330	-0.825446	-192.428200	0.824940	-0.290197	-0.479980	0.069850
seq1/frame00078.png	27.565020	-0.918141	-192.007300	0.835037	-0.316645	-0.443713	0.074620
seq1/frame00079.png	27.875650	-0.963566	-191.726100	0.826060	-0.270559	-0.490774	0.059697
seq1/frame00039.png	26.913790	1.240390	-215.848000	0.942835	-0.207828	-0.260168	-0.013524
seq1/frame00038.png	27.279910	1.240070	-216.426200	0.947507	-0.194037	-0.253294	-0.020540
seq1/frame00036.png	27.655550	1.555384	-217.427500	0.943063	-0.189110	-0.273329	-0.012660
seq1/frame00037.png	27.407710	1.802022	-217.169700	0.940475	-0.205056	-0.271022	0.002568
seq1/frame00080.png	28.270900	-0.859242	-191.192400	0.810294	-0.315811	-0.487592	0.077079
seq1/frame00033.png	28.665350	1.387598	-219.108100	0.956325	-0.155870	-0.247217	0.005600
seq1/frame00032.png	29.505940	1.350385	-219.440400	0.956495	-0.170920	-0.235969	0.014901
seq1/frame00034.png	28.905960	0.937827	-218.807800	0.946883	-0.163844	-0.276691	0.003260
seq1/frame00035.png	27.853460	1.656331	-218.109000	0.939483	-0.187300	-0.286863	-0.000388
seq1/frame00029.png	30.817820	2.853762	-219.725800	0.950316	-0.176474	-0.256267	-0.009191
seq1/frame00031.png	30.157540	2.915562	-219.815500	0.953305	-0.188382	-0.236047	0.001709
seq9/frame00075.png	34.762630	1.853102	-220.923100	0.974418	-0.109722	-0.196057	-0.005766
seq1/frame00064.png	26.775530	0.319456	-200.082600	0.897357	-0.197205	-0.394708	0.008142
seq2/frame00047.png	35.897360	1.230203	-212.342500	0.972656	-0.158845	-0.163826	0.043249
seq7/frame00031.png	36.837740	2.809714	-221.627000	0.975645	-0.213745	-0.047722	-0.012344
seq5/frame00064.png	34.990970	0.994560	-212.925300	0.964654	-0.208506	-0.161082	0.004438
seq3/frame00058.png	35.036170	1.413737	-212.993000	0.972759	-0.190155	-0.132485	0.005324
seq9/frame00046.png	24.252350	2.871578	-221.107700	0.880795	-0.137375	-0.452791	0.017569
seq9/frame00045.png	24.335450	0.407390	-223.076300	0.916871	-0.093219	-0.387666	0.019310
seq9/frame00076.png	35.249070	1.769510	-220.816400	0.980836	-0.100957	-0.166637	-0.001180
seq6/frame00022.png	35.460570	0.241000	-204.784000	0.959818	-0.265162	-0.085869	0.032632
seq7/frame00044.png	37.864470	2.553504	-224.083600	0.972796	-0.225376	0.053584	0.001641
seq7/frame00032.png	35.341290	1.797091	-222.871200	0.972729	-0.185986	-0.138561	-0.003029
seq3/frame00057.png	35.223400	1.158139	-213.698800	0.971290	-0.181356	-0.153669	0.009582
seq2/frame00048.png	36.439460	0.891329	-212.152400	0.977861	-0.138495	-0.156775	-0.005356
seq2/frame00039.png	34.021190	1.527958	-214.589200	0.946367	-0.161456	-0.279081	0.020876
seq2/frame00036.png	35.363700	1.651647	-215.344100	0.966631	-0.190948	-0.169349	0.021997
seq2/frame00035.png	35.888550	1.171808	-215.213700	0.972158	-0.185346	-0.140738	0.027369
seq3/frame00071.png	35.634750	0.477529	-205.380200	0.957564	-0.245611	-0.150767	0.003951
seq3/frame00072.png	35.845770	0.382448	-204.745200	0.958383	-0.244467	-0.145749	0.022232
seq3/frame00073.png	35.949100	0.456330	-204.057100	0.956001	-0.249304	-0.153895	0.015051
seq3/frame00070.png	35.644010	0.470638	-206.138700	0.955264	-0.263181	-0.134044	0.015464
seq3/frame00066.png	35.313310	1.100935	-208.370200	0.954925	-0.264847	-0.133836	0.007863
seq3/frame00069.png	35.643620	0.439987	-206.933100	0.953420	-0.262012	-0.148798	0.014138
seq2/frame00116.png	35.088290	-0.100498	-203.146100	0.957036	-0.255130	-0.137729	0.004742
seq2/frame00117.png	34.731240	0.464105	-202.841400	0.945869	-0.278322	-0.166411	-0.013296
seq2/frame00118.png	34.467980	0.317144	-202.730900	0.961668	-0.253855	-0.103684	-0.001115
seq2/frame00119.png	33.665180	0.034929	-202.610500	0.948918	-0.261483	-0.175684	0.017804
seq2/frame00120.png	33.074690	0.143000	-201.946500	0.949011	-0.248832	-0.192784	0.017203
seq3/frame00067.png	35.187750	0.410998	-207.987000	0.955888	-0.245537	-0.160324	0.016917
seq2/frame00115.png	35.904950	0.142305	-203.296400	0.953235	-0.278213	-0.117823	-0.007693
seq3/frame00074.png	35.853870	0.181426	-203.415100	0.956908	-0.260707	-0.127295	0.012443
seq3/frame00075.png	35.993370	0.435354	-202.725700	0.945293	-0.293983	-0.140379	0.017003
seq6/frame00023.png	36.794200	0.371805	-204.848400	0.959259	-0.255181	-0.115578	0.036708
seq2/frame00037.png	34.946440	1.023274	-215.095300	0.957273	-0.179264	-0.226295	0.016823
seq2/frame00038.png	34.780590	1.707611	-215.030500	0.948348	-0.187258	-0.253078	0.039006
seq3/frame00068.png	35.676220	0.743038	-207.390900	0.947438	-0.272398	-0.166304	0.022431
seq1/frame00022.png	35.516620	1.671594	-220.557100	0.970009	-0.135660	-0.201370	-0.011348
seq1/frame00021.png	36.357410	1.528559	-220.959200	0.977058	-0.137984	-0.158174	-0.036048
seq2/frame00049.png	36.939690	0.824188	-211.901100	0.980890	-0.123558	-0.148193	0.025037
seq3/frame00056.png	36.345220	1.307477	-214.019900	0.965699	-0.196490	-0.167818	0.025576
seq7/frame00030.png	36.813340	1.563231	-221.996800	0.975319	-0.212115	-0.056532	-0.023761
seq2/frame00114.png	36.483450	0.174623	-203.430900	0.959243	-0.277346	-0.052950	-0.011326
seq5/frame00063.png	35.518310	1.097315	-212.249800	0.957252	-0.217487	-0.190030	0.016037
seq7/frame00029.png	37.709100	3.048041	-221.188400	0.975041	-0.219581	-0.026290	-0.019708
seq9/frame00077.png	36.204420	1.836750	-220.848700	0.973498	-0.105073	-0.202915	-0.009276
seq9/frame00078.png	36.854600	1.768029	-220.629300	0.983198	-0.099116	-0.152091	0.019136
seq7/frame00045.png	38.923660	2.260249	-224.076000	0.972280	-0.230578	0.037124	0.011256
seq2/frame00034.png	36.723450	1.299548	-215.573800	0.971496	-0.172523	-0.161966	0.014063
seq7/frame00046.png	39.098180	1.563952	-224.518900	0.973179	-0.224858	0.031990	0.036573
seq3/frame00076.png	35.959420	0.154689	-202.318200	0.940702	-0.303090	-0.152132	0.008457
seq1/frame00019.png	37.461890	1.276922	-220.782200	0.982869	-0.141286	-0.110635	-0.042033
seq7/frame00028.png	38.694030	2.648152	-221.757700	0.976775	-0.209162	-0.037150	-0.027951
seq2/frame00121.png	33.456010	-0.393928	-202.255000	0.915110	-0.262408	-0.303597	0.039293
seq2/frame00122.png	33.596450	0.021129	-201.528800	0.903377	-0.241413	-0.351467	0.045833
seq3/frame00086.png	35.381260	-0.285579	-195.961900	0.934068	-0.196844	-0.296984	0.023870
seq5/frame00002.png	35.528810	-0.426476	-195.881900	0.897417	-0.317156	-0.303747	0.042335
seq5/frame00001.png	35.493020	-0.424321	-195.898600	0.896890	-0.317684	-0.304729	0.042495
seq5/frame00003.png	35.534650	-0.385027	-195.940600	0.897994	-0.315519	-0.303160	0.046356
seq3/frame00087.png	35.456410	-0.236398	-195.509900	0.929715	-0.174692	-0.323637	0.019302
seq3/frame00085.png	35.445950	-0.242646	-196.552400	0.935613	-0.205775	-0.286592	0.012264
seq3/frame00084.png	35.532560	-0.173304	-197.144400	0.940597	-0.206362	-0.267836	0.030932
seq5/frame00004.png	35.422620	-0.820733	-196.201600	0.892461	-0.314460	-0.303696	0.111340
seq5/frame00005.png	35.948400	-0.246320	-196.439100	0.880788	-0.342820	-0.295173	0.139858
seq3/frame00083.png	35.624380	-0.168385	-197.789200	0.952198	-0.203196	-0.224142	0.042320
seq5/frame00006.png	36.426450	-0.025408	-196.891200	0.893017	-0.293398	-0.297223	0.167621
seq3/frame00082.png	35.532930	-0.181405	-198.290000	0.947999	-0.224413	-0.222174	0.039686
seq3/frame00081.png	35.674840	0.040179	-198.974200	0.948520	-0.243818	-0.198982	0.035629
seq3/frame00080.png	35.605740	-0.094775	-199.645900	0.947711	-0.236330	-0.211796	0.033678
seq3/frame00079.png	35.610900	-0.173679	-200.263700	0.951630	-0.242072	-0.187331	0.026605
seq2/frame00123.png	34.023650	0.014871	-201.270300	0.909684	-0.216858	-0.350433	0.051423
seq2/frame00124.png	34.429620	0.202718	-200.681100	0.901942	-0.273504	-0.329035	0.058584
seq2/frame00125.png	35.028670	0.396368	-200.901900	0.928851	-0.279576	-0.242527	0.015921
seq2/frame00126.png	35.498230	0.056723	-200.912800	0.948844	-0.272295	-0.159250	0.013753
seq3/frame00078.png	35.898720	0.180723	-200.987400	0.944522	-0.267891	-0.188733	0.022190
seq3/frame00077.png	36.117440	0.188486	-201.643600	0.938220	-0.295980	-0.176688	0.030344
seq7/frame00027.png	38.582160	2.524397	-221.586900	0.976809	-0.211902	0.021801	-0.021580
seq1/frame00084.png	29.802740	-0.620548	-190.197300	0.816028	-0.363772	-0.440296	0.088925
seq1/frame00085.png	30.412700	-0.704957	-190.104600	0.834190	-0.395353	-0.374887	0.085338
seq1/frame00086.png	31.012590	-0.698348	-190.290200	0.818337	-0.401895	-0.397455	0.104089
seq1/frame00087.png	31.727120	-0.526181	-190.158800	0.805978	-0.429675	-0.397663	0.087423
seq1/frame00088.png	32.294380	-0.602526	-190.199400	0.817392	-0.413662	-0.387004	0.104793
seq1/frame00089.png	33.032130	-0.651243	-190.028100	0.806267	-0.437987	-0.386881	0.091784
seq1/frame00083.png	29.213440	-0.582217	-190.378600	0.803372	-0.394307	-0.436945	0.090524
seq1/frame00082.png	28.820960	-0.679885	-190.533000	0.807464	-0.409804	-0.412735	0.098550
seq1/frame00018.png	37.946150	1.507808	-220.520300	0.984854	-0.141203	-0.097061	-0.026526
seq2/frame00127.png	36.259190	-0.037595	-200.912300	0.953837	-0.263642	-0.143676	-0.006792
seq1/frame00090.png	33.683590	-0.551669	-190.022100	0.787776	-0.460918	-0.394742	0.105557
seq1/frame00091.png	34.340080	-0.604927	-189.905500	0.791452	-0.472135	-0.375428	0.098721
seq1/frame00092.png	34.963010	-0.573705	-189.993400	0.808513	-0.474892	-0.336666	0.086256
seq1/frame00093.png	35.579730	-0.572767	-190.042500	0.826922	-0.470075	-0.301715	0.064792
seq1/frame00094.png	36.187010	-0.602257	-190.219400	0.835381	-0.473463	-0.270606	0.068882
seq1/frame00095.png	36.817960	-0.542885	-190.295000	0.822928	-0.482015	-0.290603	0.077462
seq2/frame00113.png	37.211940	0.334173	-203.771100	0.950866	-0.300073	-0.076118	-0.004122
seq5/frame00062.png	36.553660	0.924483	-212.267200	0.956383	-0.227033	-0.182081	0.025171
seq1/frame00020.png	36.261320	2.546440	-220.933500	0.981224	-0.147327	-0.115258	-0.047002
seq1/frame00081.png	28.557360	-1.006090	-190.789300	0.803772	-0.333770	-0.486913	0.073915
seq7/frame00047.png	40.508640	2.260293	-224.328400	0.968006	-0.248398	0.033209	0.012690
seq7/frame00026.png	38.256970	1.273411	-222.104500	0.982350	-0.182052	0.033845	-0.026469
seq7/frame00025.png	40.275890	1.908757	-221.629400	0.981296	-0.190520	0.026845	-0.006311
seq3/frame00054.png	37.372860	1.056674	-214.908100	0.974117	-0.200139	-0.102458	0.023290
seq1/frame00096.png	37.483790	-0.616998	-190.316700	0.821809	-0.497980	-0.266196	0.076064
seq1/frame00097.png	38.138470	-0.607118	-190.331200	0.816356	-0.515520	-0.252499	0.063613
seq1/frame00098.png	38.835740	-0.585453	-190.259700	0.828380	-0.507445	-0.230751	0.055143
seq1/frame00099.png	39.515880	-0.619381	-190.218900	0.845413	-0.482966	-0.223404	0.045947
seq1/frame00100.png	40.125470	-0.558027	-190.300900	0.862184	-0.468425	-0.190765	0.028743
seq1/frame00101.png	40.767740	-0.575843	-190.412900	0.888339	-0.424359	-0.172366	0.032605
seq2/frame00025.png	43.478390	1.031139	-215.139300	0.985587	-0.132753	-0.104759	0.004618
seq9/frame00092.png	43.317230	1.191227	-214.934900	0.986785	-0.161990	0.001411	-0.003668
seq9/frame00089.png	42.717150	1.205399	-216.973200	0.988345	-0.148823	-0.027348	0.016679
seq9/frame00090.png	42.983590	1.835876	-216.220600	0.980548	-0.193593	-0.031088	0.009037
seq9/frame00093.png	43.759320	1.286292	-214.387500	0.987127	-0.155516	0.037152	-0.003800
seq9/frame00088.png	41.880500	1.584624	-217.068800	0.986131	-0.142631	-0.083441	0.015506
seq9/frame00094.png	43.917020	1.207121	-213.736200	0.988537	-0.149057	0.023841	-0.002805
seq9/frame00095.png	44.306500	0.880340	-213.170100	0.986379	-0.157013	0.048444	-0.007548
seq2/frame00024.png	43.782390	0.960737	-214.940400	0.989221	-0.131687	-0.063724	-0.006260
seq9/frame00087.png	42.370580	1.621450	-218.123600	0.988802	-0.126224	-0.075950	0.023877
seq7/frame00021.png	43.006440	1.465552	-220.896200	0.986872	-0.161033	0.010481	-0.006475
seq1/frame00011.png	42.451900	2.497243	-220.782900	0.981892	-0.173268	-0.076598	-0.000307
seq7/frame00020.png	43.605740	1.260107	-220.662900	0.984894	-0.164545	0.050153	-0.019856
seq2/frame00060.png	44.047220	0.415791	-210.542600	0.972199	-0.153027	-0.169858	0.050594
seq9/frame00096.png	44.676820	0.703190	-212.252700	0.988274	-0.138503	0.063687	-0.008678
seq9/frame00097.png	44.636770	0.832112	-211.813800	0.983907	-0.148335	0.099416	-0.006400
seq9/frame00098.png	44.796650	0.875578	-211.116700	0.986127	-0.141922	0.084945	-0.013989
seq9/frame00099.png	45.197470	0.477314	-210.513000	0.984358	-0.152968	0.086758	-0.010609
seq2/frame00061.png	44.521690	0.997940	-210.773900	0.966390	-0.165682	-0.195563	-0.019890
seq7/frame00019.png	43.875590	1.667145	-220.350400	0.982663	-0.177648	0.051462	-0.012872
seq9/frame00100.png	45.995410	0.866903	-209.618200	0.977430	-0.201469	0.062702	0.010419
seq5/frame00048.png	44.447960	0.244326	-205.878300	0.970417	-0.238471	-0.037176	0.006426
seq5/frame00047.png	45.116540	0.238973	-205.505300	0.972121	-0.227869	-0.054481	-0.009424
seq5/frame00049.png	44.034590	0.454972	-206.409500	0.972036	-0.232189	-0.027325	0.022071
seq5/frame00046.png	45.460210	0.359987	-204.939600	0.968463	-0.247167	0.012930	-0.028656
seq5/frame00051.png	43.147540	0.317596	-207.527600	0.974558	-0.215073	-0.060994	0.016124
seq5/frame00050.png	43.582050	0.385039	-206.960800	0.976162	-0.216250	-0.017919	0.004731
seq6/frame00040.png	44.762670	0.296279	-200.439800	0.949837	-0.309811	-0.018735	0.038419
seq6/frame00039.png	44.570790	0.441712	-201.085800	0.961129	-0.275566	-0.016084	-0.006023
seq5/frame00020.png	44.229400	-0.267303	-199.865300	0.947022	-0.320959	0.008018	0.008418
seq6/frame00041.png	45.088730	0.084112	-200.103300	0.941498	-0.333947	0.005585	0.045055
seq5/frame00021.png	44.863440	0.029096	-199.547800	0.936663	-0.349584	-0.015357	0.014762
seq6/frame00042.png	45.458340	0.068719	-199.499400	0.939343	-0.338465	0.043833	0.033985
seq5/frame00022.png	45.497510	0.123027	-199.464200	0.949573	-0.308611	0.054126	-0.011860
seq5/frame00023.png	46.240380	-0.033863	-199.425600	0.952352	-0.295285	0.076280	0.003823
seq6/frame00043.png	45.869280	0.187167	-199.009300	0.956328	-0.282057	0.075799	0.011606
seq5/frame00019.png	43.515010	-0.185604	-199.883300	0.952954	-0.302449	-0.019988	-0.001842
seq2/frame00142.png	46.198650	0.075956	-200.183500	0.965303	-0.246895	0.084691	-0.007730
seq2/frame00140.png	44.996720	-0.005582	-200.415900	0.968023	-0.243030	0.056964	-0.024959
seq5/frame00024.png	46.925430	0.008663	-199.380800	0.951756	-0.281790	0.121454	0.001866
seq6/frame00044.png	46.497510	0.215494	-198.895600	0.965105	-0.223226	0.134893	0.023374
seq2/frame00141.png	45.458840	0.158009	-200.366100	0.971485	-0.218313	0.090647	-0.018450
seq1/frame00118.png	45.075500	0.133399	-199.900400	0.942422	-0.326594	0.060403	0.039110
seq1/frame00119.png	45.068560	0.019261	-200.504200	0.952438	-0.295638	0.060692	0.042155
seq1/frame00120.png	45.175690	0.158713	-201.242300	0.953537	-0.282228	0.094636	0.046464
seq6/frame00045.png	47.113040	0.188406	-198.733200	0.971699	-0.219592	0.085393	0.016974
seq5/frame00025.png	47.741370	0.047138	-199.149500	0.943023	-0.299035	0.145267	-0.013540
seq6/frame00046.png	47.709800	-0.123878	-198.919300	0.976718	-0.190917	0.094896	0.023838
seq6/frame00038.png	44.281820	0.285080	-201.972000	0.957128	-0.285818	0.045996	-0.009890
seq6/frame00047.png	48.390080	-0.094066	-199.053500	0.971932	-0.190988	0.132825	0.035077
seq1/frame00117.png	44.793440	0.080470	-199.307000	0.915208	-0.399076	0.029400	0.047631
seq1/frame00116.png	44.740420	-0.011711	-198.852500	0.914488	-0.402152	0.015919	0.041627
seq1/frame00115.png	44.495790	-0.070122	-198.086900	0.916314	-0.391587	0.052570	0.065309
seq1/frame00265.png	46.277470	-0.063356	-196.502000	0.967944	-0.187904	0.166347	-0.010272
seq1/frame00264.png	46.514670	-0.397441	-195.890300	0.960791	-0.225484	0.161362	-0.000219
seq1/frame00266.png	46.232970	-0.010674	-197.000400	0.978220	-0.155738	0.136712	-0.011922
seq1/frame00263.png	46.593640	-0.309403	-195.220200	0.974922	-0.169905	0.138430	0.038689
seq1/frame00262.png	46.740480	-0.444565	-194.630500	0.978493	-0.161660	0.126796	0.018452
seq1/frame00261.png	47.032300	-0.359789	-194.108800	0.976917	-0.175597	0.117598	0.031136
seq1/frame00260.png	47.179380	-0.367216	-193.536700	0.965996	-0.181495	0.184143	-0.001759
seq1/frame00267.png	46.136980	-0.018395	-197.520500	0.989236	-0.139490	0.042839	0.010942
seq1/frame00259.png	47.392260	-0.376512	-193.064100	0.952070	-0.203668	0.228059	-0.008417
seq1/frame00127.png	45.620800	0.468284	-205.159400	0.959412	-0.281362	0.005663	-0.018200
seq1/frame00128.png	45.445710	0.275843	-205.873800	0.960852	-0.275198	0.024473	-0.020759
seq1/frame00129.png	45.390750	0.147731	-206.399800	0.968316	-0.241427	0.042909	-0.047291
seq1/frame00130.png	45.652100	0.379555	-206.853000	0.970440	-0.230713	0.050860	-0.049305
seq5/frame00026.png	48.405880	0.225792	-199.045500	0.941228	-0.295703	0.161227	-0.025601
seq1/frame00125.png	45.360730	0.527863	-204.126000	0.950037	-0.307033	-0.053673	-0.016723
seq2/frame00143.png	46.875730	0.113936	-200.404100	0.941439	-0.319677	0.107233	-0.000095
seq2/frame00144.png	47.483740	0.186800	-200.277200	0.935594	-0.341184	0.090680	0.005946
seq2/frame00102.png	44.823070	0.364541	-204.555900	0.962036	-0.271723	-0.025515	0.001418
seq2/frame00138.png	43.494180	0.200469	-200.697300	0.960310	-0.277946	0.015836	-0.017319
seq2/frame00139.png	44.220500	0.054382	-200.699900	0.960653	-0.265682	0.073601	-0.033785
seq5/frame00044.png	46.570670	0.132510	-204.024400	0.965283	-0.260869	0.013227	0.001375
seq2/frame00101.png	45.224590	0.307646	-204.460800	0.976101	-0.212427	0.035721	0.028724
seq5/frame00045.png	46.331460	0.399863	-204.579500	0.965996	-0.258381	0.009136	-0.002648
seq2/frame00100.png	45.986480	0.419405	-204.531400	0.976911	-0.206633	0.048302	0.024813
seq1/frame00131.png	46.012540	0.075532	-207.344000	0.973489	-0.216591	0.062614	-0.038560
seq1/frame00132.png	45.679310	0.244912	-207.995800	0.974107	-0.225836	-0.006640	0.008363
seq1/frame00270.png	46.066570	-0.054898	-199.288100	0.995069	-0.095402	0.026853	0.003846
seq1/frame00272.png	46.171940	-0.002123	-200.449100	0.995639	-0.090529	0.005046	0.021939
seq1/frame00271.png	46.101960	0.180857	-199.865100	0.992280	-0.117835	0.008066	0.037819
seq1/frame00273.png	46.145160	0.187730	-201.022300	0.993483	-0.091470	-0.056392	0.038010
seq1/frame00274.png	45.993580	0.178884	-201.614700	0.996906	-0.072003	-0.028720	0.013031
seq1/frame00275.png	45.994640	0.258303	-202.230100	0.996700	-0.060162	-0.052822	0.013435
seq1/frame00276.png	45.821960	0.188057	-202.800200	0.996333	-0.060694	-0.059328	0.010847
seq1/frame00277.png	45.968170	0.317254	-203.362100	0.996499	-0.056284	-0.059657	0.016248
seq1/frame00278.png	45.922150	0.334300	-203.967300	0.996216	-0.047080	-0.067590	0.027727
seq1/frame00279.png	45.964220	0.354757	-204.512900	0.995047	-0.047835	-0.077076	0.040653
seq1/frame00280.png	45.919400	0.397263	-205.168800	0.993758	-0.063730	-0.083878	0.036719
seq1/frame00284.png	45.588320	0.573688	-207.358900	0.995416	-0.074440	-0.057882	0.015991
seq1/frame00285.png	45.602240	0.531488	-207.938400	0.996188	-0.068474	-0.051571	0.016182
seq1/frame00283.png	45.668330	0.563524	-206.836500	0.998173	-0.022544	-0.023426	0.050921
seq1/frame00282.png	45.750530	0.508950	-206.311100	0.996404	-0.041702	-0.035859	0.064452
seq1/frame00281.png	45.889500	0.441489	-205.722400	0.997641	-0.043442	-0.011123	0.051983
seq1/frame00133.png	45.575870	0.879144	-208.431300	0.973801	-0.225742	0.023396	0.014322
seq1/frame00286.png	45.408550	0.843187	-208.641500	0.994295	-0.101355	-0.024310	0.022688
seq9/frame00102.png	45.785640	1.069483	-208.528400	0.971182	-0.234754	0.041176	0.001089
seq9/frame00101.png	45.646550	0.732689	-209.272400	0.974108	-0.216718	0.064337	0.002824
seq1/frame00134.png	45.705880	0.850537	-208.985800	0.972109	-0.233123	0.023109	0.011087
seq1/frame00135.png	45.376250	0.973864	-209.717000	0.966975	-0.244082	0.073366	-0.000188
seq1/frame00287.png	45.922740	0.450017	-209.023000	0.988264	-0.144339	-0.018818	0.046335
seq1/frame00124.png	45.223810	0.476929	-203.227400	0.943824	-0.327036	-0.040482	-0.024610
seq6/frame00037.png	43.719970	0.363760	-202.492100	0.959266	-0.276995	0.054075	-0.012614
seq9/frame00103.png	46.166540	0.765675	-208.023700	0.967477	-0.249037	0.043959	-0.006063
seq9/frame00104.png	46.176400	0.766118	-207.393400	0.967110	-0.239526	0.085466	-0.004534
seq1/frame00288.png	45.735950	1.303739	-209.705400	0.979056	-0.199932	0.007676	0.037666
seq1/frame00289.png	46.163280	1.110487	-210.186300	0.986134	-0.156337	0.050746	0.022880
seq1/frame00136.png	45.419470	1.531503	-210.110200	0.968882	-0.238203	0.066193	0.012051
seq1/frame00290.png	45.839830	1.019444	-210.664400	0.988200	-0.147607	0.026373	-0.031271
seq1/frame00137.png	45.456780	0.771586	-210.690100	0.974438	-0.218925	0.050418	-0.000481
seq6/frame00036.png	43.699290	0.256830	-203.237500	0.963737	-0.263938	0.039281	0.002357
seq1/frame00114.png	44.255650	-0.045691	-197.507200	0.932975	-0.353379	0.027925	0.062457
seq1/frame00110.png	43.533150	-0.371045	-195.138700	0.930740	-0.364577	-0.010551	0.026355
seq1/frame00109.png	43.413530	-0.352810	-194.557700	0.927604	-0.366541	-0.028348	0.066299
seq1/frame00108.png	43.326360	-0.262887	-193.900300	0.907451	-0.408032	-0.051897	0.085730
seq1/frame00107.png	43.031740	-0.300000	-193.330700	0.887987	-0.443143	-0.080951	0.092466
seq1/frame00106.png	42.707960	-0.359386	-192.618700	0.863367	-0.474306	-0.142814	0.096103
seq9/frame00107.png	47.003970	0.773034	-205.461000	0.969914	-0.226666	0.087362	-0.016012
seq1/frame00269.png	46.269620	0.065760	-198.637700	0.993656	-0.110956	-0.011185	0.014538
seq1/frame00268.png	46.086230	-0.054385	-198.111300	0.992983	-0.112147	0.037320	-0.003920
seq9/frame00105.png	46.463240	0.692283	-206.773000	0.968356	-0.233449	0.085678	-0.021167
seq9/frame00106.png	46.627220	0.598948	-206.058700	0.967887	-0.231510	0.097536	-0.009196
seq9/frame00108.png	47.390920	0.540883	-204.920500	0.969584	-0.224064	0.097443	0.014425
seq1/frame00138.png	45.420370	0.635623	-211.418000	0.971461	-0.230969	0.053929	-0.003078
seq1/frame00139.png	45.254750	0.426968	-211.893500	0.976069	-0.213440	0.041351	-0.004793
seq1/frame00292.png	44.891160	0.675990	-211.846400	0.987222	-0.133885	0.076343	-0.040480
seq1/frame00291.png	45.119260	0.533567	-211.284900	0.989650	-0.136234	0.030602	-0.033126
seq1/frame00140.png	45.267960	0.300768	-212.396600	0.976104	-0.208151	0.061041	-0.012934
seq2/frame00062.png	44.738860	0.265483	-211.174900	0.989164	-0.131406	-0.064655	0.010347
seq1/frame00293.png	45.272250	0.838636	-212.488200	0.982908	-0.131094	0.113074	-0.062618
seq1/frame00141.png	45.388610	0.538557	-212.706600	0.978830	-0.204048	0.015880	-0.001836
seq6/frame00071.png	46.080890	0.764233	-211.475500	0.966317	-0.178071	0.170903	-0.072896
seq6/frame00072.png	45.603210	0.645732	-212.099300	0.968165	-0.185648	0.153491	-0.068063
seq6/frame00069.png	46.088120	0.853439	-210.420300	0.977167	-0.190315	0.092807	-0.017634
seq2/frame00063.png	45.682810	0.831515	-211.176500	0.985832	-0.166959	0.004709	0.015409
seq1/frame00126.png	45.108890	0.803783	-204.685000	0.950376	-0.310435	0.002577	-0.020246
seq2/frame00099.png	46.649220	0.367883	-204.578300	0.977137	-0.194041	0.086707	0.005777
seq9/frame00109.png	47.697820	0.393473	-204.190400	0.970641	-0.225690	0.082992	-0.005759
seq2/frame00098.png	47.352780	0.386589	-204.512800	0.973707	-0.195985	0.114348	-0.020209
seq6/frame00070.png	45.937940	1.015289	-210.784300	0.960440	-0.186500	0.199441	-0.054738
seq1/frame00122.png	45.579810	0.509677	-202.201100	0.949592	-0.310077	-0.045602	-0.006978
seq2/frame00064.png	46.529010	0.895446	-211.159600	0.983743	-0.169153	0.058842	-0.013187
seq5/frame00052.png	42.678060	0.592968	-208.065100	0.974738	-0.214712	-0.061163	0.006566
seq5/frame00043.png	46.885030	0.343777	-203.544300	0.972180	-0.233977	0.010944	-0.000674
seq5/frame00042.png	47.259400	0.702800	-203.048200	0.970315	-0.236369	0.030962	-0.040737
seq5/frame00018.png	42.698880	0.149039	-199.860100	0.958320	-0.284399	-0.026963	-0.003698
seq6/frame00048.png	49.048120	0.108173	-199.454300	0.973724	-0.198730	0.105193	0.036104
seq1/frame00123.png	45.406980	0.866273	-202.388800	0.946724	-0.320703	-0.028856	0.005531
seq2/frame00137.png	42.816130	0.323055	-200.636500	0.965163	-0.260101	-0.027516	-0.007120
seq2/frame00022.png	45.149690	1.262974	-215.165700	0.987942	-0.139734	-0.065990	-0.009518
seq6/frame00074.png	45.739480	0.552594	-213.355400	0.976964	-0.206472	0.018935	-0.050528
seq6/frame00073.png	46.703050	0.887072	-212.516800	0.966418	-0.208285	0.135458	-0.065616
seq6/frame00075.png	46.229090	0.382873	-213.979900	0.977693	-0.186741	0.083016	-0.048508
seq1/frame00142.png	45.270070	1.206928	-213.115200	0.974274	-0.221575	0.037328	-0.017377
seq2/frame00059.png	43.235090	0.547367	-210.901400	0.969879	-0.190620	-0.145891	0.041398
seq6/frame00067.png	47.516470	0.666078	-209.133300	0.976147	-0.188763	0.106893	0.008959
seq9/frame00111.png	48.247610	0.240093	-203.180000	0.969739	-0.212089	0.119713	-0.017117
seq9/frame00110.png	47.783760	0.265849	-203.656300	0.967704	-0.224961	0.113756	0.000576
seq6/frame00068.png	46.753490	0.667574	-209.760000	0.982683	-0.166717	0.080101	-0.011095
seq2/frame00105.png	42.476480	0.288807	-204.180500	0.965031	-0.261724	0.014309	0.003263
seq2/frame00097.png	48.031480	0.320751	-204.608600	0.971968	-0.194458	0.128689	-0.030071
seq3/frame00042.png	45.364490	1.471792	-215.057300	0.975236	-0.204178	0.085001	0.000406
seq1/frame00146.png	45.871700	2.079060	-215.092200	0.970354	-0.231126	0.070622	-0.002727
seq3/frame00043.png	45.040560	1.511004	-215.264800	0.976960	-0.212175	0.022804	0.003358
seq1/frame00012.png	42.071010	1.508666	-221.032400	0.987649	-0.147331	-0.051986	0.011878
seq2/frame00058.png	42.272510	0.825399	-210.719000	0.971710	-0.169523	-0.140710	0.085105
seq6/frame00035.png	43.503300	0.399338	-203.800400	0.966424	-0.247348	0.069504	0.003531
seq1/frame00147.png	46.034020	1.043562	-215.699700	0.976396	-0.214420	-0.001503	-0.025930
seq5/frame00053.png	42.218320	0.631865	-208.759300	0.973678	-0.210899	-0.083754	0.021401
seq2/frame00023.png	44.324040	0.946093	-215.194500	0.990719	-0.118028	-0.067416	0.001056
seq1/frame00298.png	44.317250	0.623679	-214.760000	0.996390	-0.081280	-0.023937	-0.005341
seq1/frame00297.png	44.134710	0.593607	-214.107900	0.996101	-0.078013	-0.039534	-0.011560
seq1/frame00296.png	44.682790	0.949320	-213.737700	0.995960	-0.074342	-0.050284	-0.002855
seq1/frame00299.png	44.743510	0.898902	-215.424800	0.994207	-0.104239	0.022906	0.012699
seq1/frame00300.png	44.719700	0.889446	-215.642600	0.995878	-0.089916	0.005762	0.010402
seq1/frame00301.png	44.801520	0.929216	-216.018000	0.993547	-0.107781	0.031517	0.015932
seq1/frame00295.png	44.789890	0.968455	-213.531500	0.990396	-0.093468	-0.101097	-0.012595
seq1/frame00294.png	45.520000	1.485249	-212.715600	0.986621	-0.125226	0.103467	-0.013858
seq2/frame00021.png	45.872980	0.792890	-215.267700	0.990675	-0.122421	-0.057925	-0.014842
seq3/frame00041.png	45.968090	1.591580	-214.829200	0.969454	-0.229471	0.083867	0.021664
seq3/frame00040.png	46.199900	0.705429	-214.652400	0.977858	-0.195671	0.074082	-0.004340
seq1/frame00144.png	45.395480	1.656056	-214.276600	0.969730	-0.240572	0.040844	-0.009039
seq1/frame00008.png	44.400780	1.738916	-221.566700	0.987968	-0.151102	-0.025485	-0.020906
seq5/frame00054.png	41.458280	0.600931	-209.125200	0.969214	-0.208107	-0.131558	-0.002875
seq6/frame00066.png	47.593440	0.566381	-208.813000	0.975589	-0.131559	0.168298	-0.050926
seq6/frame00032.png	42.240420	0.606896	-205.708700	0.970332	-0.228017	-0.080208	0.005602
seq6/frame00033.png	42.591860	0.720468	-205.071800	0.974871	-0.221798	0.019957	0.005852
seq6/frame00076.png	47.028370	0.569734	-214.040200	0.978263	-0.188287	0.071319	-0.049627
seq3/frame00039.png	47.131630	1.304373	-214.455500	0.975491	-0.218643	0.024729	0.000536
seq6/frame00077.png	47.059340	1.145055	-214.646300	0.973946	-0.193048	0.114050	-0.033973
seq2/frame00020.png	46.566140	1.183408	-215.310300	0.988538	-0.121619	-0.088648	0.011990
seq7/frame00018.png	43.844360	1.555955	-220.004700	0.980761	-0.188279	0.049722	-0.013681
seq7/frame00017.png	44.606470	1.601711	-219.676700	0.982790	-0.172631	0.065538	-0.005248
seq1/frame00145.png	45.397960	1.202039	-215.028300	0.967602	-0.246833	0.051944	0.011010
seq6/frame00031.png	41.363300	0.287704	-206.136700	0.973313	-0.199339	-0.109640	0.030082
seq3/frame00047.png	42.148910	1.263362	-215.274700	0.981474	-0.179858	-0.057541	0.032390
seq2/frame00027.png	41.947470	1.362234	-215.584800	0.980883	-0.131281	-0.143637	0.001403
seq6/frame00034.png	42.981690	0.207262	-204.596300	0.978519	-0.201132	0.045089	0.003584
seq2/frame00106.png	41.904430	0.414259	-204.229800	0.959096	-0.282572	0.010814	0.013109
seq7/frame00022.png	40.265310	3.020267	-219.685100	0.981696	-0.187337	0.018665	-0.028810
seq9/frame00112.png	48.521150	0.424560	-202.568500	0.962717	-0.207331	0.173646	-0.006093
seq6/frame00065.png	47.650940	0.629647	-208.762500	0.969684	-0.117465	0.206391	-0.057592
seq6/frame00064.png	48.420670	0.467112	-207.558900	0.968162	-0.130669	0.191677	-0.094068
seq9/frame00113.png	48.892570	0.078454	-201.741800	0.961119	-0.198423	0.190585	-0.023580
seq5/frame00041.png	47.960480	0.187462	-202.359800	0.976548	-0.203437	0.041864	-0.056706
seq1/frame00151.png	46.347310	1.942482	-218.028400	0.978445	-0.170270	0.116728	0.005390
seq1/frame00150.png	46.942960	2.675642	-216.538500	0.970244	-0.211157	0.118471	0.001801
seq1/frame00149.png	45.650530	1.771786	-216.931400	0.972874	-0.220803	0.069000	0.000677
seq1/frame00148.png	45.728810	0.840190	-216.314500	0.976210	-0.215695	0.016732	-0.014456
seq1/frame00009.png	43.534900	1.686917	-221.367800	0.980323	-0.189079	-0.035857	-0.043945
seq1/frame00007.png	45.217720	1.555258	-221.752200	0.991303	-0.131468	-0.004673	0.003698
seq1/frame00002.png	46.055760	1.665414	-221.939200	0.992532	-0.120988	-0.002800	0.015305
seq1/frame00001.png	46.049080	1.681277	-221.973500	0.992416	-0.121933	-0.002587	0.015382
seq1/frame00003.png	46.061490	1.652832	-221.911200	0.992542	-0.120904	-0.003053	0.015289
seq1/frame00004.png	46.059220	1.656440	-221.923600	0.992742	-0.119104	-0.004917	0.015921
seq1/frame00005.png	46.144250	1.535676	-221.677200	0.992163	-0.117223	-0.030453	0.030738
seq2/frame00018.png	47.923570	1.418737	-215.502500	0.985478	-0.165465	-0.030668	-0.022656
seq2/frame00145.png	48.112630	0.312382	-200.255700	0.928468	-0.341768	0.145402	-0.000941
seq1/frame00143.png	45.418840	1.257648	-213.918100	0.968238	-0.248879	0.023624	-0.004052
seq1/frame00152.png	47.633280	1.905780	-217.995100	0.973958	-0.204433	0.096722	0.016059
seq1/frame00006.png	45.200430	1.363899	-221.779600	0.995831	-0.090903	0.001260	0.007464
seq9/frame00114.png	49.122140	0.046597	-201.099300	0.954884	-0.198005	0.219470	-0.028705
seq9/frame00115.png	49.342230	0.177876	-200.360600	0.955814	-0.206209	0.207107	-0.031699
seq9/frame00116.png	49.577990	0.028994	-199.749800	0.945141	-0.203285	0.253778	-0.031310
seq2/frame00057.png	41.894420	0.841412	-210.972400	0.967549	-0.182064	-0.167781	0.050505
seq6/frame00078.png	48.171930	1.517440	-214.304800	0.974917	-0.193087	0.107611	-0.025968
seq9/frame00086.png	42.019710	1.533698	-218.787500	0.991052	-0.099731	-0.088294	0.008612
seq1/frame00113.png	44.190330	-0.014813	-196.933900	0.912786	-0.404090	0.012656	0.058072
seq5/frame00027.png	49.256080	-0.172300	-198.917400	0.929878	-0.292211	0.220012	-0.039178
seq2/frame00065.png	47.404660	0.763181	-211.312500	0.972200	-0.211854	0.099728	-0.000566
seq3/frame00038.png	47.829190	1.181660	-213.876300	0.978841	-0.189918	0.073926	-0.018351
seq6/frame00063.png	48.925900	0.529009	-206.949800	0.979235	-0.141863	0.135571	-0.050942
seq1/frame00112.png	44.071710	0.093460	-196.186500	0.910545	-0.408985	0.016902	0.057907
seq7/frame00016.png	46.715180	1.402921	-219.473600	0.980924	-0.192837	0.012117	-0.021321
seq3/frame00048.png	41.185520	1.164955	-215.113400	0.981073	-0.158262	-0.109430	0.021776
seq2/frame00028.png	41.304070	1.294892	-215.617400	0.984791	-0.127472	-0.116743	-0.017584
seq6/frame00062.png	49.202740	0.602186	-206.666900	0.973826	-0.150061	0.166648	-0.037068
seq1/frame00010.png	44.322590	1.342000	-221.521400	0.979607	-0.187983	-0.070140	-0.010596
seq2/frame00019.png	47.440700	1.776542	-215.028300	0.986521	-0.153763	-0.053781	-0.015533
seq2/frame00107.png	41.360960	0.447684	-204.010600	0.957973	-0.286506	0.007872	0.011847
seq7/frame00049.png	41.990620	2.272335	-224.004300	0.970776	-0.237115	0.021860	0.029882
seq7/frame00024.png	40.838610	2.118872	-221.373400	0.980165	-0.195271	0.033041	-0.007303
seq1/frame00014.png	41.234620	1.575187	-220.999000	0.988473	-0.137841	-0.061677	0.010780
seq2/frame00096.png	48.647350	0.377335	-204.824700	0.959966	-0.226217	0.160798	-0.037888
seq1/frame00257.png	47.689050	-0.537662	-191.895400	0.943250	-0.251742	0.216413	0.008455
seq1/frame00256.png	47.993350	-0.578559	-191.366600	0.941843	-0.280088	0.184146	0.023926
seq7/frame00048.png	41.367390	2.233356	-224.557200	0.968540	-0.246620	0.007210	0.032526
seq7/frame00050.png	42.716140	2.283728	-224.490100	0.967227	-0.246977	0.042322	0.041030
seq7/frame00051.png	43.968530	2.356805	-224.445300	0.965765	-0.249868	0.064753	0.025888
seq9/frame00117.png	50.043610	0.159408	-198.953700	0.955201	-0.199001	0.217721	-0.024241
seq2/frame00110.png	39.271630	0.455201	-203.981500	0.954894	-0.284968	-0.079296	-0.026115
seq2/frame00109.png	39.723090	0.558263	-203.952700	0.951326	-0.303773	-0.050616	-0.011796
seq2/frame00108.png	40.667480	0.439817	-204.024700	0.954195	-0.294243	-0.052377	-0.013751
seq7/frame00015.png	46.290750	-0.348335	-219.671700	0.979383	-0.185722	0.074641	-0.027313
seq1/frame00015.png	40.174490	1.450810	-220.987600	0.990284	-0.103882	-0.091476	0.013371
seq1/frame00016.png	39.824070	1.503654	-221.052700	0.986925	-0.138653	-0.080878	-0.014634
seq1/frame00017.png	39.357730	1.824339	-221.118200	0.985634	-0.141980	-0.091103	-0.008166
seq5/frame00038.png	49.953150	0.298202	-201.196800	0.942807	-0.278388	0.183221	-0.006753
seq9/frame00085.png	41.370390	1.573918	-219.121500	0.990266	-0.106407	-0.089381	0.007811
seq6/frame00079.png	47.100170	0.695272	-216.798500	0.974891	-0.198076	0.093738	-0.039583
seq7/frame00014.png	47.342820	1.509236	-219.008900	0.974957	-0.205338	0.085283	0.004741
seq1/frame00153.png	47.052090	1.190690	-219.192700	0.972732	-0.225017	0.036493	0.042768
seq7/frame00012.png	48.747910	1.201880	-217.896500	0.971323	-0.164327	0.157039	-0.069758
seq6/frame00030.png	41.050770	0.612026	-206.582800	0.960653	-0.209395	-0.177908	0.040594
seq3/frame00037.png	48.512120	1.276050	-213.485100	0.968905	-0.218695	0.115630	0.005014
seq2/frame00050.png	38.123460	0.790804	-211.941000	0.973406	-0.128084	-0.185097	0.042608
seq7/frame00052.png	44.202220	2.365094	-224.288800	0.964741	-0.257659	0.047781	0.024567
seq2/frame00017.png	47.609690	0.862237	-215.604600	0.983711	-0.173964	-0.030367	-0.033562
seq2/frame00016.png	49.469940	1.083303	-215.504500	0.984984	-0.171002	0.012511	0.020228
seq2/frame00004.png	56.286620	1.160958	-217.118200	0.976390	-0.162515	0.141871	-0.011154
seq2/frame00003.png	55.949630	0.966496	-217.445200	0.977016	-0.156144	0.144995	-0.005990
seq2/frame00001.png	56.084310	0.687372	-217.591900	0.977010	-0.152811	0.148650	-0.002068
seq2/frame00002.png	56.430780	1.576793	-217.014400	0.974079	-0.166849	0.152727	0.002450
seq2/frame00005.png	55.631330	1.127885	-217.052200	0.981640	-0.160213	0.103482	-0.002379
seq2/frame00006.png	55.336940	0.855528	-216.529400	0.980564	-0.147647	0.129199	0.001827
seq2/frame00007.png	54.861610	0.802456	-216.402900	0.976687	-0.157085	0.144746	-0.021328
seq7/frame00074.png	56.493600	0.797166	-220.818100	0.980253	-0.152263	0.126160	0.001710
seq7/frame00073.png	57.058520	1.498486	-221.002300	0.981743	-0.151538	0.114236	0.012917
seq7/frame00075.png	55.917980	1.363682	-220.584500	0.977697	-0.154760	0.141951	0.002816
seq7/frame00076.png	56.291090	1.484855	-220.069500	0.971915	-0.153816	0.178094	-0.002244
seq7/frame00071.png	57.235850	1.514175	-221.557000	0.979224	-0.146633	0.139595	0.011522
seq2/frame00009.png	53.969370	1.198788	-215.510800	0.979510	-0.178279	0.090754	-0.023255
seq2/frame00010.png	52.892570	0.829921	-215.920900	0.980794	-0.147893	0.123667	-0.029609
seq6/frame00087.png	53.476090	1.189212	-215.999500	0.978586	-0.184015	0.090061	0.019949
seq7/frame00001.png	53.703610	1.093384	-217.006300	0.971938	-0.179555	0.151963	0.002128
seq7/frame00002.png	53.725480	1.128040	-216.962500	0.972075	-0.179221	0.151473	-0.002377
seq7/frame00003.png	53.687490	1.108329	-216.958200	0.972362	-0.178264	0.150613	-0.007097
seq7/frame00004.png	53.300090	0.904335	-216.965900	0.970354	-0.177203	0.153319	-0.059204
seq2/frame00011.png	52.678710	0.798712	-215.597900	0.981662	-0.153999	0.112129	0.007172
seq2/frame00012.png	52.139690	0.795820	-215.433000	0.982540	-0.148183	0.112500	0.001250
seq7/frame00005.png	52.689740	1.058270	-217.034500	0.969789	-0.164865	0.171191	-0.054969
seq1/frame00164.png	53.658980	1.462733	-220.050400	0.978231	-0.175089	0.107738	-0.028296
seq1/frame00163.png	53.206410	1.716565	-220.483700	0.980279	-0.167657	0.104614	-0.000048
seq2/frame00082.png	56.949340	-0.064265	-208.314200	0.959683	-0.185085	0.211539	-0.001872
seq2/frame00083.png	56.783840	0.558494	-207.554800	0.955990	-0.198057	0.216421	0.004371
seq2/frame00084.png	56.183930	0.301706	-207.257800	0.967014	-0.179696	0.180342	-0.008340
seq2/frame00081.png	56.774160	0.165719	-208.970300	0.962325	-0.170614	0.211584	-0.007302
seq2/frame00085.png	55.645950	0.274248	-206.948500	0.967957	-0.180412	0.174672	-0.001028
seq3/frame00020.png	55.232000	0.582586	-206.717000	0.961151	-0.195987	0.187540	-0.051052
seq2/frame00086.png	54.861720	0.454999	-206.931700	0.966666	-0.190446	0.170144	-0.018380
seq3/frame00021.png	55.277630	-0.035771	-207.328800	0.966728	-0.167711	0.188273	-0.043156
seq2/frame00080.png	56.618410	0.313707	-209.387600	0.956065	-0.162221	0.242509	-0.028529
seq1/frame00192.png	59.105480	0.259557	-210.287100	0.948481	-0.184698	0.257417	-0.002751
seq1/frame00191.png	59.294290	0.388273	-210.800900	0.941864	-0.211610	0.260671	-0.012796
seq1/frame00190.png	59.591640	-0.063451	-211.432400	0.946486	-0.190148	0.260766	0.003094
seq1/frame00189.png	59.745030	0.081734	-212.003000	0.942882	-0.192735	0.271671	0.004757
seq1/frame00188.png	59.711220	0.135055	-212.535200	0.944230	-0.194990	0.265199	-0.008833
seq1/frame00187.png	59.740350	0.306400	-212.970700	0.946032	-0.207632	0.248814	0.001922
seq1/frame00186.png	59.918410	0.650238	-213.368400	0.943316	-0.210569	0.256178	-0.013736
seq1/frame00185.png	59.914840	0.767945	-214.278000	0.951344	-0.178855	0.250887	-0.003285
seq1/frame00184.png	60.044700	0.593381	-215.180000	0.947341	-0.181139	0.263698	0.014047
seq1/frame00194.png	58.987950	-0.055482	-209.314300	0.939477	-0.207572	0.272500	-0.006423
seq1/frame00193.png	59.300620	0.534046	-209.551000	0.930949	-0.224786	0.287661	-0.007468
seq1/frame00195.png	59.376400	-0.133803	-208.296900	0.932235	-0.208930	0.294629	-0.021886
seq1/frame00183.png	60.267280	0.696854	-215.386000	0.944643	-0.213509	0.249119	-0.001721
seq1/frame00182.png	60.441420	0.319729	-216.285500	0.941820	-0.215310	0.258046	-0.005424
seq1/frame00181.png	60.569460	0.368917	-216.553000	0.947282	-0.220673	0.232292	0.001062
seq1/frame00180.png	60.713360	0.282375	-217.012100	0.950543	-0.218073	0.220474	0.017406
seq1/frame00179.png	60.234340	1.085301	-217.711800	0.952601	-0.208670	0.221361	0.002644
seq1/frame00197.png	59.267580	-0.115295	-207.447100	0.922058	-0.228808	0.311582	-0.019295
seq1/frame00198.png	59.370720	-0.146725	-206.748300	0.921516	-0.213214	0.323479	-0.026631
seq1/frame00199.png	59.165530	-0.011269	-206.275800	0.922936	-0.213330	0.318616	-0.034119
seq1/frame00200.png	59.175970	-0.280174	-205.584700	0.922477	-0.222760	0.314084	-0.027667
seq1/frame00201.png	59.164500	-0.297240	-205.003500	0.925150	-0.232413	0.298652	-0.029798
seq1/frame00202.png	59.288440	-0.239643	-204.300700	0.920578	-0.239347	0.307733	-0.023456
seq1/frame00204.png	59.344350	-0.514192	-203.206000	0.921170	-0.253937	0.290943	-0.048108
seq1/frame00205.png	59.132000	-0.425890	-202.575300	0.925064	-0.248852	0.281290	-0.056620
seq1/frame00206.png	59.130130	-0.652917	-202.044500	0.918724	-0.260428	0.290538	-0.060921
seq1/frame00203.png	58.980510	-0.605642	-203.711400	0.937368	-0.219080	0.270346	-0.016070
seq3/frame00017.png	55.812710	0.279873	-204.527400	0.946734	-0.197416	0.247084	-0.060588
seq2/frame00077.png	55.409150	0.370134	-210.076600	0.964105	-0.152043	0.214851	-0.034984
seq1/frame00178.png	60.074600	1.284658	-218.205000	0.951137	-0.214516	0.222067	0.002692
seq3/frame00009.png	56.698620	-0.606199	-198.932600	0.914721	-0.275681	0.289662	-0.058152
seq2/frame00158.png	56.045500	-0.658600	-197.748600	0.921188	-0.244630	0.299456	-0.043536
seq2/frame00159.png	56.458280	-0.395272	-197.261000	0.902648	-0.262398	0.340400	-0.022396
seq2/frame00160.png	56.619110	-0.535642	-197.079300	0.904044	-0.265796	0.332504	-0.038702
seq2/frame00161.png	56.886260	-0.743218	-196.761300	0.887989	-0.272439	0.366587	-0.053538
seq3/frame00007.png	56.805610	-1.032799	-197.563200	0.916078	-0.217464	0.334885	-0.036904
seq3/frame00002.png	56.661330	-0.421417	-196.020600	0.875789	-0.299005	0.375990	-0.047128
seq3/frame00003.png	56.691320	-0.617235	-195.955400	0.878958	-0.284295	0.379201	-0.053069
seq3/frame00001.png	56.775990	-0.572881	-195.870600	0.871175	-0.303228	0.383429	-0.045708
seq3/frame00004.png	56.755990	-0.838295	-196.137100	0.876886	-0.243009	0.411452	-0.052201
seq3/frame00005.png	56.824610	-0.908715	-196.536800	0.876348	-0.233424	0.416016	-0.066774
seq1/frame00212.png	60.166640	-0.900665	-198.402700	0.909270	-0.264056	0.318222	-0.047300
seq1/frame00211.png	60.082260	-0.835687	-199.208000	0.911145	-0.278245	0.300495	-0.045794
seq1/frame00210.png	59.799850	-0.690204	-199.619400	0.911922	-0.275590	0.301090	-0.042342
seq3/frame00006.png	56.911070	-0.497686	-197.074200	0.881542	-0.244202	0.397707	-0.071266
seq2/frame00156.png	55.167830	-0.393019	-198.348600	0.923969	-0.245041	0.290780	-0.041034
seq1/frame00209.png	59.584300	-0.491159	-200.265600	0.899910	-0.273611	0.338063	-0.031823
seq3/frame00008.png	56.784310	-0.450194	-198.314700	0.903840	-0.243857	0.351214	-0.015983
seq3/frame00010.png	56.511740	-0.571720	-199.631100	0.899926	-0.248256	0.353818	-0.057572
seq2/frame00157.png	55.715540	-0.470603	-198.142500	0.914590	-0.244923	0.318503	-0.045768
seq1/frame00208.png	59.352360	-0.369602	-200.748600	0.890654	-0.264531	0.369097	-0.022952
seq2/frame00155.png	54.651740	-0.385554	-198.711200	0.928467	-0.238222	0.280613	-0.049555
seq1/frame00213.png	60.451030	-0.980626	-197.983700	0.889869	-0.309263	0.329631	-0.061909
seq1/frame00215.png	60.436810	-0.904961	-196.588700	0.870754	-0.309653	0.375125	-0.072003
seq1/frame00216.png	60.483000	-0.994118	-195.911900	0.864986	-0.281229	0.410008	-0.067852
seq1/frame00217.png	60.507070	-1.035105	-195.208000	0.874371	-0.290876	0.383515	-0.061500
seq1/frame00218.png	60.654660	-1.010201	-194.607900	0.871444	-0.275573	0.397831	-0.079851
seq3/frame00015.png	56.062460	-0.016131	-202.937700	0.933520	-0.209822	0.279558	-0.079763
seq3/frame00011.png	56.301740	-0.399127	-200.296100	0.905519	-0.229114	0.352746	-0.055792
seq1/frame00177.png	59.906590	1.246557	-218.869000	0.950457	-0.208114	0.230777	-0.007906
seq1/frame00219.png	60.830810	-1.188673	-193.936300	0.865210	-0.323425	0.372709	-0.088858
seq1/frame00220.png	61.080660	-1.106473	-193.455000	0.850841	-0.315599	0.415998	-0.058420
seq1/frame00221.png	61.306420	-1.419441	-192.801300	0.853323	-0.268696	0.444222	-0.048045
seq2/frame00154.png	54.157620	-0.286604	-198.953200	0.923856	-0.245431	0.287769	-0.058674
seq1/frame00207.png	59.267960	-0.446176	-201.673600	0.887255	-0.291357	0.352111	-0.062515
seq1/frame00214.png	60.519050	-0.817813	-197.232600	0.870543	-0.310594	0.375574	-0.068047
seq3/frame00016.png	55.885540	-0.117804	-203.914900	0.930552	-0.189630	0.305455	-0.069353
seq2/frame00087.png	54.360240	0.341318	-206.505400	0.968379	-0.182128	0.168704	-0.024721
seq2/frame00075.png	54.258540	0.228373	-210.503000	0.976318	-0.152648	0.153208	-0.005489
seq2/frame00079.png	56.237980	-0.018232	-209.478300	0.974893	-0.103319	0.195528	-0.026029
seq3/frame00019.png	55.475750	0.453039	-206.260500	0.948127	-0.201091	0.243283	-0.037822
seq2/frame00088.png	53.924230	0.368694	-206.375400	0.973618	-0.192104	0.123030	-0.005269
seq3/frame00022.png	54.446050	0.055404	-208.204400	0.976115	-0.144473	0.162196	-0.004345
seq2/frame00078.png	56.009200	1.007919	-209.161000	0.962350	-0.138935	0.232753	-0.020157
seq9/frame00121.png	51.398210	-0.271722	-196.772100	0.946454	-0.277475	0.164964	-0.004459
seq1/frame00222.png	61.681910	-1.435553	-192.334600	0.832720	-0.274447	0.477171	-0.059703
seq1/frame00223.png	61.876440	-1.397215	-191.681700	0.824038	-0.262685	0.499760	-0.046885
seq1/frame00224.png	62.130180	-1.612174	-191.107700	0.826085	-0.247823	0.501888	-0.065393
seq1/frame00225.png	62.232930	-1.603266	-190.519900	0.807454	-0.250004	0.529102	-0.074611
seq1/frame00169.png	56.379780	1.577380	-220.141700	0.953260	-0.220093	0.203154	-0.039775
seq1/frame00162.png	52.541050	1.505569	-220.080600	0.978454	-0.178249	0.100957	-0.025739
seq9/frame00122.png	51.600980	-0.509776	-196.430900	0.936535	-0.321545	0.139273	-0.010651
seq1/frame00196.png	59.274630	-0.453312	-208.387800	0.931708	-0.207075	0.297714	-0.020149
seq3/frame00012.png	56.124410	-0.522408	-201.106800	0.892770	-0.211192	0.391720	-0.070114
seq3/frame00013.png	56.110450	-0.480137	-201.581400	0.907696	-0.202966	0.358589	-0.079419
seq3/frame00014.png	56.031510	-0.107961	-201.995900	0.900761	-0.206972	0.371832	-0.086797
seq3/frame00018.png	55.457180	-0.814151	-206.023600	0.950456	-0.162874	0.256615	-0.065220
seq3/frame00023.png	54.326180	0.164817	-208.506000	0.954849	-0.167142	0.245577	0.004370
seq2/frame00153.png	53.512220	-0.215214	-199.112700	0.929481	-0.216146	0.292654	-0.060819
seq9/frame00120.png	51.053490	-0.223128	-197.372300	0.949373	-0.276317	0.149436	-0.003118
seq1/frame00166.png	54.713850	1.499432	-220.160200	0.968213	-0.170306	0.181850	-0.022130
seq1/frame00168.png	55.931430	1.558452	-220.131000	0.953248	-0.211273	0.215930	-0.007475
seq1/frame00165.png	53.951750	1.450778	-220.200700	0.970374	-0.178111	0.159311	-0.035662
seq1/frame00167.png	54.752660	1.512236	-220.156600	0.963060	-0.193832	0.185792	-0.020618
seq3/frame00024.png	53.888720	0.399372	-209.016900	0.955530	-0.171046	0.239986	0.010637
seq2/frame00076.png	54.429020	-0.097530	-210.652200	0.969300	-0.135049	0.204213	-0.022736
seq2/frame00074.png	53.414520	0.508266	-210.081700	0.977520	-0.152478	0.145161	-0.011557
seq3/frame00026.png	53.269370	0.373947	-210.065000	0.955613	-0.203079	0.213329	-0.007291
seq1/frame00173.png	59.014150	1.217006	-219.466800	0.946433	-0.266854	0.181235	0.014424
seq1/frame00174.png	58.924890	1.406817	-219.742600	0.943872	-0.289455	0.156605	0.028220
seq1/frame00175.png	59.324090	1.093847	-219.300200	0.938649	-0.278485	0.200490	0.034476
seq1/frame00176.png	59.687630	1.916328	-219.334100	0.930371	-0.274430	0.243083	0.003019
seq7/frame00006.png	52.130720	0.927530	-217.299700	0.969253	-0.169662	0.169647	-0.054622
seq1/frame00170.png	57.378970	1.427115	-219.912400	0.945808	-0.222050	0.236417	-0.015774
seq7/frame00070.png	56.441810	1.706170	-222.203100	0.963508	-0.199913	0.178004	-0.001504
seq6/frame00055.png	52.029170	0.104609	-202.825000	0.956088	-0.171211	0.232910	0.048323
seq6/frame00056.png	52.023970	-0.052218	-203.662900	0.942779	-0.127829	0.307887	0.005756
seq6/frame00052.png	51.264150	-0.155684	-201.195400	0.989282	-0.141684	-0.030205	0.018289
seq6/frame00053.png	51.675260	-0.017832	-201.715600	0.983228	-0.181438	-0.018110	0.003764
seq2/frame00073.png	52.750730	0.790851	-210.690400	0.977090	-0.156168	0.138727	-0.040753
seq7/frame00064.png	52.010150	2.281072	-223.029200	0.975284	-0.213901	0.055120	0.005381
seq5/frame00037.png	50.589610	-0.296105	-201.236200	0.940742	-0.256955	0.221267	-0.004434
seq2/frame00148.png	50.297350	0.156832	-199.924500	0.941536	-0.254774	0.216912	-0.039375
seq2/frame00152.png	52.934940	-0.256175	-199.588800	0.934183	-0.229156	0.262618	-0.076293
seq5/frame00028.png	49.858600	0.037836	-198.907000	0.922418	-0.282550	0.262498	-0.020160
seq2/frame00151.png	52.395240	-0.306966	-199.590800	0.948988	-0.229821	0.210831	-0.046421
seq5/frame00033.png	52.197730	-0.298015	-199.568700	0.941619	-0.261169	0.211645	-0.018728
seq6/frame00061.png	49.723720	0.421485	-206.221100	0.976222	-0.143221	0.162641	0.005216
seq7/frame00069.png	55.074280	1.854388	-222.310000	0.960668	-0.232273	0.150522	-0.022591
seq7/frame00011.png	48.870250	1.157248	-217.845300	0.959159	-0.127017	0.231557	-0.101302
seq3/frame00028.png	52.854280	0.560131	-211.174300	0.974569	-0.182617	0.126723	0.028429
seq2/frame00095.png	49.148770	0.449714	-205.021900	0.966121	-0.220152	0.133251	-0.019673
seq2/frame00146.png	48.992960	0.058047	-200.144700	0.937612	-0.294411	0.184715	-0.009329
seq9/frame00118.png	50.287920	-0.064419	-198.484100	0.958360	-0.221868	0.177364	-0.029371
seq6/frame00080.png	48.522800	2.111419	-215.370300	0.958333	-0.207935	0.193151	-0.032463
seq6/frame00054.png	51.922810	-0.395058	-202.254500	0.972869	-0.200035	0.105044	0.049776
seq5/frame00032.png	52.122310	-0.202946	-198.971700	0.948689	-0.266176	0.170135	-0.013939
seq9/frame00119.png	50.785080	-0.252033	-197.913500	0.951930	-0.257933	0.165213	0.002181
seq5/frame00040.png	48.395110	0.317503	-202.544600	0.965058	-0.247137	0.010904	-0.086411
seq2/frame00147.png	49.442710	0.250086	-200.332400	0.938647	-0.283627	0.195363	-0.018191
seq5/frame00029.png	50.570680	-0.048619	-198.726100	0.932843	-0.271532	0.236120	-0.017931
seq1/frame00258.png	47.551660	-0.381234	-192.405000	0.939190	-0.241059	0.244534	-0.003940
seq3/frame00025.png	53.726140	-0.193185	-209.740600	0.944769	-0.184515	0.270127	-0.019930
seq5/frame00030.png	51.300770	-0.148514	-198.782500	0.946960	-0.269901	0.173510	-0.017720
seq6/frame00051.png	50.746360	-0.240935	-200.600800	0.989821	-0.138539	-0.024433	0.021536
seq7/frame00010.png	49.465160	1.087484	-217.729600	0.968488	-0.144076	0.186016	-0.081674
seq6/frame00057.png	51.945190	0.195956	-204.044600	0.939144	-0.120065	0.320409	-0.030507
seq1/frame00172.png	58.262250	1.598478	-219.669400	0.931079	-0.254088	0.261507	0.012049
seq1/frame00171.png	57.005160	1.179185	-219.820200	0.931379	-0.241338	0.272558	0.001549
seq1/frame00154.png	48.187400	1.341427	-219.291000	0.967848	-0.216416	0.128164	0.003054
seq7/frame00053.png	44.948290	2.176004	-223.935400	0.965304	-0.244154	0.086225	0.033811
seq6/frame00060.png	50.376610	0.384344	-205.678700	0.957615	-0.161592	0.238240	-0.010179
seq3/frame00027.png	52.959160	0.549155	-210.412400	0.951641	-0.217428	0.217030	0.001350
seq5/frame00031.png	51.802880	-0.319539	-198.814900	0.956841	-0.260853	0.126880	-0.017674
seq7/frame00013.png	46.846260	1.551464	-218.659300	0.976295	-0.205110	0.066032	-0.020429
seq7/frame00054.png	45.177490	2.340501	-224.254300	0.962998	-0.249272	0.102322	0.005330
seq7/frame00055.png	46.571190	2.119046	-223.918800	0.960780	-0.232327	0.151413	-0.000198
seq7/frame00068.png	54.909510	1.921202	-222.433500	0.962392	-0.239089	0.128980	-0.001226
seq7/frame00067.png	54.809460	2.095540	-222.576300	0.959648	-0.249203	0.130285	-0.000591
seq2/frame00072.png	52.205440	0.688063	-210.518500	0.972064	-0.163154	0.167023	-0.024001
seq7/frame00065.png	52.920560	2.032353	-222.617300	0.966640	-0.245511	0.072354	0.009794
seq7/frame00063.png	51.760620	2.100760	-222.729800	0.969111	-0.233662	0.078306	0.009735
seq5/frame00036.png	51.396420	-0.253396	-200.668000	0.944360	-0.249246	0.213709	-0.019715
seq5/frame00034.png	52.091010	-0.217237	-199.978500	0.943247	-0.217213	0.241046	-0.070719
seq2/frame00032.png	38.118190	1.801410	-215.612300	0.978789	-0.162223	-0.124810	0.008820
seq2/frame00149.png	50.969980	0.038701	-199.827300	0.949788	-0.259444	0.170435	-0.039291
seq5/frame00055.png	40.892010	0.968105	-209.261000	0.962508	-0.239522	-0.126310	0.015906
seq2/frame00013.png	51.615100	0.882880	-215.327300	0.979332	-0.157460	0.126923	0.002473
seq5/frame00016.png	41.499820	0.254244	-200.103600	0.945867	-0.288279	-0.148000	0.018079
seq9/frame00084.png	40.676880	1.664951	-219.325100	0.989163	-0.109915	-0.097344	-0.000583
seq9/frame00083.png	40.354540	1.642462	-219.556500	0.987012	-0.122013	-0.104149	0.008585
seq2/frame00056.png	41.874070	0.763423	-211.767500	0.973650	-0.165710	-0.151434	0.040167
seq6/frame00029.png	40.473340	0.514161	-206.561300	0.968291	-0.202743	-0.144376	0.021525
seq5/frame00039.png	49.335300	0.358784	-201.341100	0.960367	-0.267074	0.068894	-0.040252
seq2/frame00136.png	41.947480	0.435867	-200.217300	0.957844	-0.270852	-0.093684	-0.019959
seq7/frame00009.png	49.933910	1.054662	-217.510400	0.966477	-0.146168	0.192814	-0.085902
seq9/frame00079.png	37.994970	1.765207	-220.372800	0.978993	-0.114345	-0.167185	0.023394
seq2/frame00029.png	40.437820	1.106267	-215.335800	0.983572	-0.113964	-0.139983	0.001772
seq3/frame00049.png	40.744490	1.135253	-215.049200	0.972793	-0.185450	-0.136575	0.025106
seq2/frame00068.png	49.544240	0.814228	-210.723200	0.962859	-0.208048	0.170608	-0.022622
seq2/frame00067.png	48.714580	0.537692	-210.948000	0.961425	-0.197657	0.190281	-0.019662
seq3/frame00034.png	49.694860	1.063477	-213.246000	0.976989	-0.208274	-0.034701	0.030182
seq2/frame00094.png	50.002160	0.542734	-204.878000	0.965228	-0.224965	0.132577	-0.012175
seq7/frame00066.png	53.954060	1.916290	-222.745800	0.963654	-0.237480	0.121870	0.011076
seq6/frame00049.png	49.923650	0.015770	-199.602800	0.980842	-0.191429	0.023948	0.027043
seq7/frame00062.png	51.282300	1.605341	-223.219200	0.970702	-0.227102	0.078425	0.003473
seq7/frame00007.png	51.831600	0.899725	-217.059700	0.963949	-0.156803	0.208737	-0.051417
seq1/frame00242.png	55.885120	-0.982319	-190.233200	0.800291	-0.304768	0.495701	-0.144675
seq1/frame00243.png	55.252160	-0.878658	-190.406800	0.820238	-0.236304	0.510754	-0.102474
seq1/frame00244.png	54.609280	-0.915299	-190.359100	0.826041	-0.185250	0.528932	-0.059750
seq1/frame00245.png	53.939820	-0.893462	-190.351900	0.844484	-0.190485	0.497868	-0.051864
seq1/frame00246.png	53.312190	-0.885902	-190.297300	0.839938	-0.178663	0.509859	-0.051259
seq1/frame00247.png	52.721210	-0.832910	-190.330800	0.853446	-0.160266	0.493912	-0.044663
seq1/frame00248.png	52.075250	-0.828998	-190.270100	0.856835	-0.139574	0.494758	-0.039585
seq1/frame00249.png	51.433690	-0.760592	-190.234400	0.854341	-0.123813	0.504451	-0.017357
seq1/frame00251.png	50.238210	-0.774211	-190.157900	0.862838	-0.106719	0.493063	-0.031781
seq1/frame00252.png	49.650710	-0.743249	-190.196400	0.901732	-0.098121	0.421012	-0.000670
seq1/frame00253.png	49.109940	-0.741054	-190.246500	0.901979	-0.120889	0.413877	0.022932
seq1/frame00250.png	50.864270	-0.814696	-190.167800	0.859212	-0.079736	0.503630	-0.041867
seq2/frame00066.png	48.235750	0.753447	-211.248000	0.967834	-0.215871	0.127117	-0.023196
seq1/frame00121.png	45.665280	-0.035944	-201.796500	0.950183	-0.310349	0.014660	0.024913
seq1/frame00105.png	42.437820	-0.448898	-192.103100	0.865452	-0.470830	-0.147497	0.086928
seq2/frame00150.png	51.661020	-0.058887	-199.835900	0.938096	-0.247977	0.236723	-0.049460
seq3/frame00035.png	48.759820	-0.224642	-214.047000	0.978619	-0.183456	0.092918	0.003929
seq6/frame00058.png	51.272120	0.254401	-204.356200	0.935744	-0.095763	0.335975	-0.048304
seq7/frame00008.png	50.711400	1.089364	-217.492800	0.969543	-0.146001	0.188764	-0.055124
seq2/frame00069.png	50.103450	0.830752	-210.753800	0.967515	-0.197703	0.156966	-0.013780
seq3/frame00053.png	37.597800	1.314072	-214.658900	0.973297	-0.194683	-0.121609	0.001923
seq2/frame00033.png	38.064180	1.278771	-215.655700	0.975280	-0.182294	-0.124637	0.007996
seq9/frame00080.png	38.141210	1.743462	-220.374300	0.981419	-0.121407	-0.148434	0.006721
seq9/frame00082.png	39.382080	1.684433	-219.851300	0.986370	-0.125758	-0.105702	0.009345
seq2/frame00053.png	39.810670	0.991485	-211.908100	0.964280	-0.174588	-0.192211	0.052322
seq2/frame00054.png	40.061110	0.734381	-211.125900	0.963924	-0.166129	-0.199242	0.059616
seq6/frame00050.png	50.296750	0.082163	-200.210600	0.986125	-0.161073	-0.021301	0.034051
seq2/frame00071.png	51.168190	0.795096	-210.735100	0.967260	-0.183161	0.175317	-0.011115
seq2/frame00128.png	36.802860	-0.147749	-200.799200	0.951020	-0.286323	-0.113344	-0.027074
seq1/frame00254.png	48.684260	-0.714898	-190.480200	0.944463	-0.187643	0.269501	0.012232
seq1/frame00104.png	42.093720	-0.480632	-191.676100	0.840859	-0.507787	-0.172260	0.073721
seq3/frame00055.png	36.544010	1.071915	-214.519000	0.960991	-0.192651	-0.196602	0.027024
seq2/frame00051.png	38.145740	0.844187	-211.543900	0.969896	-0.145970	-0.188060	0.051272
seq1/frame00161.png	52.101640	1.708839	-220.454800	0.968250	-0.191488	0.157773	-0.030518
seq2/frame00031.png	39.739660	1.816098	-215.677400	0.982142	-0.173733	-0.068769	0.022005
seq1/frame00111.png	43.575160	-0.238403	-195.704600	0.917248	-0.394780	-0.010866	0.051840
seq2/frame00014.png	50.578290	0.838805	-215.361300	0.981196	-0.171122	0.089217	0.003542
seq2/frame00112.png	37.962100	0.765745	-203.577200	0.946593	-0.321165	-0.028202	0.004456
seq2/frame00052.png	38.978330	0.737079	-211.527100	0.969595	-0.157856	-0.184239	0.031991
seq2/frame00030.png	39.351750	1.858874	-215.076100	0.983869	-0.151836	-0.094493	0.004396
seq2/frame00135.png	41.402730	0.366459	-200.526200	0.961340	-0.268664	-0.058215	-0.016005
seq7/frame00056.png	47.229180	1.775910	-223.314400	0.968182	-0.234181	0.088217	-0.000105
seq7/frame00058.png	48.194560	1.747933	-223.790200	0.973523	-0.220396	0.059600	0.011270
seq7/frame00057.png	47.978210	1.884861	-223.687900	0.970640	-0.219521	0.098251	-0.003893
seq1/frame00155.png	48.146830	1.290518	-219.497800	0.968373	-0.223631	0.110647	-0.000600
seq2/frame00093.png	50.609680	0.451479	-205.436400	0.964599	-0.216521	0.150274	0.009234
seq5/frame00017.png	42.003900	0.800312	-199.301900	0.945345	-0.310683	-0.097228	-0.018590
seq1/frame00102.png	41.290240	-0.505624	-190.766200	0.900273	-0.413648	-0.135107	0.012262
seq5/frame00035.png	51.702410	-0.087146	-199.928300	0.939259	-0.222305	0.253387	-0.064566
seq6/frame00028.png	39.702230	0.575248	-206.612900	0.960997	-0.238061	-0.137903	0.028197
seq1/frame00103.png	41.724980	-0.540428	-191.225100	0.865093	-0.468513	-0.171611	0.051575
seq9/frame00081.png	38.859050	1.710977	-219.972600	0.978769	-0.132524	-0.155493	0.016430
seq5/frame00007.png	36.501450	-0.401115	-197.469600	0.881871	-0.286690	-0.328529	0.179391
seq1/frame00241.png	56.504340	-1.009641	-190.157600	0.771863	-0.327879	0.521635	-0.156906
seq1/frame00240.png	56.977760	-0.962483	-189.832400	0.770395	-0.354605	0.508519	-0.148844
seq1/frame00238.png	57.914410	-1.094232	-189.120200	0.766858	-0.312749	0.527175	-0.190271
seq1/frame00237.png	58.331210	-1.222008	-188.800800	0.755766	-0.288730	0.559182	-0.181019
seq1/frame00236.png	58.860810	-1.146960	-188.698600	0.745237	-0.329760	0.551756	-0.177329
seq1/frame00233.png	60.221570	-1.680317	-188.477000	0.754064	-0.266797	0.582280	-0.145454
seq1/frame00232.png	60.628150	-1.750160	-188.249500	0.774955	-0.257113	0.561858	-0.132864
seq1/frame00231.png	61.100520	-1.741260	-187.987500	0.754602	-0.245069	0.591578	-0.143361
seq1/frame00228.png	62.226360	-1.769448	-188.648900	0.783490	-0.278714	0.542501	-0.118977
seq1/frame00229.png	62.024470	-1.746310	-188.157800	0.736041	-0.268107	0.609390	-0.122499
seq1/frame00230.png	61.597430	-1.720328	-187.932200	0.719604	-0.273679	0.625460	-0.126762
seq1/frame00226.png	62.291390	-1.675486	-189.797700	0.805656	-0.301198	0.499219	-0.104784
seq1/frame00227.png	62.403490	-1.590449	-189.321200	0.786007	-0.303051	0.525149	-0.120714
seq1/frame00234.png	59.815610	-1.416863	-188.625300	0.767125	-0.313089	0.533627	-0.169520
seq1/frame00235.png	59.428990	-1.316819	-188.686800	0.735128	-0.328051	0.556397	-0.205893
seq1/frame00239.png	57.405770	-1.074654	-189.417400	0.760904	-0.341843	0.521762	-0.178698
seq3/frame00036.png	48.698760	0.844269	-213.611600	0.957778	-0.248000	0.145378	-0.004833
seq7/frame00061.png	50.470530	1.943558	-223.313200	0.975652	-0.199655	0.090755	-0.002366
seq6/frame00086.png	52.831630	1.676830	-215.995700	0.948904	-0.224644	0.221127	0.014818
seq6/frame00024.png	36.863320	0.659456	-205.354700	0.949466	-0.256694	-0.177158	0.035180
seq6/frame00025.png	37.581930	0.398407	-205.631900	0.957773	-0.243538	-0.141996	0.056539
seq2/frame00111.png	38.067340	0.267607	-203.712000	0.956948	-0.280908	-0.071437	-0.015447
seq1/frame00160.png	50.920010	1.323872	-220.466000	0.967100	-0.214581	0.132867	-0.031916
seq3/frame00030.png	51.665580	0.736919	-213.060500	0.957699	-0.255916	0.131450	-0.006366
seq6/frame00083.png	51.273420	1.290434	-215.724900	0.968999	-0.219139	0.114029	-0.004141
seq2/frame00015.png	50.598090	0.897263	-215.254500	0.979430	-0.193729	0.054359	0.015187
seq1/frame00156.png	48.604980	1.299016	-219.954300	0.969006	-0.195708	0.150262	-0.012102
seq5/frame00061.png	37.020130	0.914173	-212.022300	0.956168	-0.231025	-0.179891	-0.003066
seq2/frame00091.png	51.449290	1.178707	-205.737500	0.965120	-0.228870	0.120895	-0.039333
seq6/frame00027.png	39.007410	0.485695	-206.495200	0.954610	-0.248059	-0.156520	0.051846
seq3/frame00052.png	38.261250	1.331252	-215.150800	0.967627	-0.201001	-0.150115	0.027622
seq3/frame00051.png	39.244020	1.220684	-215.117000	0.969293	-0.184723	-0.154260	0.050528
seq3/frame00050.png	39.870320	0.908322	-215.350800	0.968256	-0.183650	-0.158770	0.059537
seq3/frame00032.png	51.454450	1.344271	-213.749400	0.975153	-0.218537	0.036246	0.002181
seq6/frame00059.png	50.944530	1.127797	-205.054900	0.938686	-0.183929	0.291605	0.002431
seq7/frame00060.png	50.340130	1.782828	-223.576100	0.977316	-0.199416	0.071297	-0.001722
seq2/frame00134.png	40.794300	0.182437	-200.587200	0.956334	-0.280877	-0.080632	-0.005709
seq6/frame00026.png	38.206140	0.539054	-206.425900	0.954074	-0.253555	-0.151176	0.050973
seq2/frame00092.png	51.217950	0.435914	-205.773500	0.961737	-0.223814	0.156475	-0.022042
seq2/frame00129.png	37.482040	0.043658	-200.528500	0.945300	-0.302615	-0.121725	-0.003989
seq2/frame00055.png	40.456390	1.306214	-211.096300	0.957906	-0.208365	-0.195158	0.030212
seq7/frame00059.png	48.773920	1.941670	-223.671700	0.972763	-0.205601	0.106909	-0.005637
seq1/frame00159.png	51.026720	1.502955	-220.507300	0.967861	-0.201884	0.147822	-0.025248
seq1/frame00157.png	49.627430	1.282228	-220.279900	0.968493	-0.204334	0.142160	-0.007661
seq1/frame00158.png	49.680390	1.724732	-220.896900	0.968056	-0.196978	0.155134	-0.000501
seq3/frame00031.png	51.705570	0.958055	-213.358600	0.963383	-0.229906	0.137524	0.011089
seq5/frame00056.png	40.228940	1.607378	-209.810500	0.956440	-0.266300	-0.115802	0.029951
seq5/frame00008.png	36.810010	-0.335551	-197.715600	0.889469	-0.287206	-0.318880	0.157078
seq5/frame00009.png	37.275140	-0.125863	-198.385000	0.914356	-0.284370	-0.261460	0.121349
seq5/frame00014.png	40.068730	0.236068	-199.737300	0.925780	-0.290324	-0.229393	0.077605
seq6/frame00081.png	49.903300	1.349700	-215.551500	0.957832	-0.241642	0.149677	-0.042006
seq3/frame00033.png	50.980880	-0.201128	-213.719800	0.980155	-0.179447	-0.084195	0.002412
seq5/frame00013.png	39.307680	0.190253	-199.699700	0.922075	-0.288818	-0.250735	0.059112
seq5/frame00012.png	38.676780	0.081623	-199.312000	0.921081	-0.267279	-0.269298	0.087470
seq5/frame00015.png	40.486300	0.417892	-199.776600	0.932155	-0.313148	-0.170496	0.062895
seq6/frame00085.png	52.894660	0.907661	-216.090100	0.948806	-0.221962	0.224591	0.007732
seq2/frame00070.png	50.919290	0.886487	-210.752000	0.966879	-0.203809	0.152623	-0.017698
seq1/frame00255.png	48.032770	-0.688885	-190.883200	0.946351	-0.263751	0.186129	0.014543
seq5/frame00059.png	38.407320	1.072489	-211.478200	0.963934	-0.238620	-0.115339	-0.024246
seq5/frame00058.png	39.372240	1.607988	-211.231600	0.968765	-0.233664	-0.074451	-0.036773
seq2/frame00130.png	38.029030	0.052309	-200.396200	0.944086	-0.312161	-0.105842	-0.007397
seq6/frame00082.png	50.642270	1.353357	-215.911400	0.967144	-0.226793	0.113504	-0.017709
seq5/frame00011.png	38.203800	0.152272	-199.026400	0.914681	-0.267265	-0.287317	0.096830
seq5/frame00010.png	37.677700	-0.253489	-198.854900	0.901750	-0.263213	-0.322765	0.115707
seq6/frame00084.png	51.528840	1.051895	-216.542100	0.959096	-0.201588	0.198622	-0.006794
seq2/frame00132.png	39.280860	0.345714	-200.512600	0.955052	-0.279556	-0.098057	-0.010433
seq5/frame00060.png	37.824420	0.799224	-212.225400	0.958368	-0.238210	-0.156615	0.016063
seq5/frame00057.png	39.565560	1.680429	-210.723500	0.958635	-0.273537	-0.077221	-0.015285
seq2/frame00133.png	40.394730	0.197225	-200.614900	0.958684	-0.279979	-0.050337	-0.001535
seq2/frame00131.png	38.851040	0.475753	-200.495800	0.949945	-0.293636	-0.106645	-0.003158
seq7/frame00072.png	57.266970	1.681390	-221.543300	0.981587	-0.146398	0.122550	0.006031
seq2/frame00008.png	54.826830	1.528862	-215.889500	0.976288	-0.177705	0.122405	-0.017337
seq3/frame00044.png	43.694540	1.491821	-215.118800	0.980315	-0.182076	-0.074637	0.016116
seq7/frame00023.png	41.909420	1.874142	-221.288900	0.984459	-0.173626	0.024737	0.009067
seq2/frame00026.png	42.441660	1.317040	-215.318300	0.981117	-0.159158	-0.109861	0.002860
seq3/frame00046.png	42.520230	1.607168	-215.060500	0.981680	-0.188700	-0.010661	0.024167
seq1/frame00013.png	41.912750	1.641301	-221.601900	0.989079	-0.135756	-0.057325	0.002474
