0 6668.57 7153.64
60 1902.65 2858.07
120 1413.34 1885.36
180 942.74 1784.13
240 830.938 1880.71
300 558.413 2115.06
360 513.433 1307.02
420 466.646 1296.97
480 400.069 1669.86
540 353.534 1252.42
600 457.046 1627.34
660 384.453 1163.46
720 339.131 1750.89
780 276.357 1081.75
840 282.296 1817.19
900 253.942 1337.75
960 287.137 1357.95
1020 304.752 1365.39
1080 230.368 1347.87
1140 250.884 1508.66
1200 257.72 1632.27
1260 253.447 1470.6
1320 281.627 1408.61
1380 249.087 1197.69
1440 198.766 1025.5
1500 184.06 1364.33
1560 195.839 1221.85
1620 246.208 943.767
1680 186.284 1103.04
1740 238.397 1140.33
1800 292.914 1369.71
1860 259.003 1479.64
1920 208.981 1908.11
1980 177.748 1024.25
2040 212.638 1010.53
2100 195.407 1520.54
2160 217.752 1047.04
2220 226.392 1059.77
2280 242.047 1005.48
2340 174.785 1489.63
2400 193.071 1574.84
2460 163.032 1027.84
2520 185.454 1547.87
2580 168.784 1086.73
2640 154.745 1657.44
2700 158.986 1146.58
2760 149.241 1312.0
2820 164.179 984.965
2880 157.032 866.501
2940 200.454 914.251
3000 158.544 1136.26
3060 165.476 1136.96
3120 174.646 1123.93
3180 159.838 1858.38
3240 184.995 1250.49
3300 168.73 973.508
3360 149.584 850.58
3420 129.819 887.715
3480 138.579 1991.79
3540 137.269 1341.98
3600 143.499 978.508
3660 182.35 997.282
3720 149.171 1132.02
3780 135.298 1470.46
3840 140.282 1035.78
3900 149.614 1345.59
3960 130.172 1033.97
4020 112.47 1285.64
4080 132.833 904.888
4140 149.95 1385.02
4200 143.703 1362.94
4260 128.056 1036.74
4320 127.642 807.962
4380 133.35 1144.68
4440 124.327 1482.51
4500 151.338 1077.56
4560 122.623 935.378
4620 132.678 960.001
4680 151.765 1634.94
4740 134.379 1468.76
4800 133.407 845.9
4860 116.327 934.254
4920 133.11 805.801
4980 131.867 982.458
5040 149.286 925.252
5100 125.471 1175.92
5160 138.903 990.335
5220 155.97 1153.79
5280 138.269 1814.21
5340 118.284 820.907
5400 122.096 1160.35
5460 117.538 1169.44
5520 120.243 1217.25
5580 126.604 957.761
5640 118.578 1501.17
5700 131.207 938.68
5760 131.308 968.953
5820 115.212 1041.35
5880 132.252 755.712
5940 117.265 891.874
6000 116.303 1496.2
6060 118.819 1028.26
6120 138.835 1172.5
6180 106.84 1502.4
6240 100.349 1277.82
6300 112.949 1335.66
6360 121.668 937.624
6420 120.853 1090.5
6480 137.66 1241.34
6540 110.961 933.236
6600 130.529 1408.57
6660 97.5616 935.088
6720 124.212 863.295
6780 110.733 1304.26
6840 104.692 957.249
6900 104.585 1568.34
6960 98.6546 1071.21
7020 102.643 973.065
7080 95.4847 781.871
7140 110.651 1809.48
7200 118.298 927.409
7260 107.725 946.168
7320 119.668 964.919
7380 116.844 962.118
7440 108.872 1236.85
7500 119.507 1557.81
7560 124.602 1085.18
7620 106.989 837.883
7680 103.535 903.976
7740 97.6761 738.032
7800 100.111 1131.62
7860 99.6965 1496.93
7920 94.312 887.735
7980 101.319 787.191
8040 99.9861 1651.67
8100 119.832 1122.96
8160 103.19 927.732
8220 90.404 1077.39
8280 111.195 802.79
8340 127.758 1496.88
8400 102.588 1679.56
8460 90.1576 767.42
8520 89.618 1427.25
8580 99.258 756.602
8640 113.141 1403.22
8700 110.159 1034.73
8760 107.515 802.844
8820 103.729 939.866
8880 85.8267 806.004
8940 87.2836 886.541
9000 92.7805 863.029
9060 121.645 877.662
9120 88.2836 1664.52
9180 84.9294 946.748
9240 101.229 984.416
9300 104.188 1055.07
9360 91.1053 1665.33
9420 114.185 1003.23
9480 89.9631 1224.65
9540 104.023 808.456
9600 107.231 799.288
9660 105.036 849.807
9720 88.0398 1219.04
9780 100.644 871.118
9840 84.203 1049.21
9900 83.7159 705.132
9960 86.6878 1497.87
10020 110.313 1078.08
10080 98.9822 870.479
10140 96.106 884.096
10200 100.451 1362.44
10260 92.9079 1067.45
10320 81.2891 851.643
10380 85.6896 924.266
10440 77.2108 1812.16
10500 92.6122 724.989
10560 94.9128 1110.92
10620 88.7461 838.955
10680 104.882 827.348
10740 95.9212 1417.2
10800 95.9293 1453.06
10860 83.317 1253.58
10920 97.5012 961.969
10980 93.7687 1080.1
11040 84.4146 989.777
11100 85.5986 909.827
11160 83.3754 878.227
11220 86.7201 714.472
11280 89.157 797.955
11340 84.2267 1592.1
11400 83.3538 1085.14
11460 89.2477 813.363
11520 73.4456 961.488
11580 92.0464 874.269
11640 94.8835 958.078
11700 72.8914 914.597
11760 89.4135 1647.66
11820 85.8015 801.921
11880 103.139 853.173
11940 81.4083 803.426
12000 74.0331 1471.5
12060 69.995 907.772
12120 77.1876 1409.13
12180 91.39 1038.78
12240 74.0757 1455.4
12300 88.689 1088.12
12360 81.5213 878.698
12420 104.636 1024.5
12480 79.8743 1521.56
12540 74.9875 1394.65
12600 77.6197 1143.54
12660 77.0139 902.701
12720 76.7816 891.903
12780 77.8999 663.411
12840 92.8675 1519.23
12900 79.0821 1038.71
12960 88.6655 772.187
13020 84.5881 703.946
13080 78.8415 1221.32
13140 73.8356 1038.93
13200 77.7338 1302.46
13260 101.488 699.193
13320 83.3852 1747.75
13380 73.8035 989.87
13440 67.0123 822.903
13500 69.9134 1664.46
13560 77.3773 1048.91
13620 83.0964 819.497
13680 71.6768 877.786
13740 69.6079 909.366
13800 80.9923 796.469
13860 124.569 850.386
13920 74.2254 881.324
13980 83.0558 756.972
14040 65.3352 1600.62
14100 79.0564 762.473
14160 73.3743 1064.68
14220 75.6264 738.576
14280 78.2835 730.278
14340 99.8309 880.013
14400 67.6222 1700.82
14460 73.9335 810.492
14520 84.3705 692.496
14580 67.3582 1633.89
14640 72.7432 729.611
14700 73.3725 946.506
14760 69.2184 869.656
14820 94.7773 679.874
14880 74.2455 1018.8
14940 65.7041 826.568
15000 90.5455 803.087
15060 85.0723 902.325
15120 66.3983 1394.83
15180 76.2319 801.975
15240 77.3282 803.5
15300 72.7645 929.066
15360 71.8708 1036.05
15420 80.6051 1582.81
15480 65.4689 1767.18
15540 77.6229 666.776
15600 70.6293 1501.44
15660 75.9703 1302.94
15720 75.6979 942.473
15780 75.787 863.366
15840 67.766 745.128
15900 63.9608 1737.79
15960 73.3865 870.481
16020 91.2208 710.847
16080 74.8905 742.602
16140 74.7834 719.328
16200 81.2292 974.991
16260 60.9668 1646.29
16320 68.9702 979.406
16380 74.5975 1310.97
16440 63.9974 1006.92
16500 62.8272 858.262
16560 391.448 703.399
16620 359.458 1663.56
16680 121.823 1717.47
16740 103.248 1149.0
16800 84.8104 823.308
16860 78.2481 738.188
16920 75.6722 1261.09
16980 79.5813 671.774
17040 65.3889 1452.85
17100 70.8979 946.29
17160 71.5492 1096.03
17220 73.8162 856.051
17280 72.0735 1424.8
17340 74.0575 642.812
17400 66.0219 966.127
17460 73.3391 1121.4
17520 70.4278 975.972
17580 62.1012 1032.71
17640 76.7866 694.247
17700 66.2885 808.338
17760 61.4974 839.065
17820 63.9101 1130.02
17880 58.2893 1470.7
17940 61.8771 1038.29
18000 63.065 843.232
18060 55.8927 1103.67
18120 52.5103 1518.76
18180 59.7636 1115.27
18240 51.8911 794.23
18300 68.8253 718.509
18360 70.9631 901.083
18420 55.9909 858.717
18480 59.2501 914.479
18540 64.3711 1118.97
18600 65.2687 868.405
18660 59.5447 1522.84
18720 62.2501 819.262
18780 67.1094 1039.33
18840 56.3527 545.192
18900 72.1904 850.421
18960 72.6938 1579.66
19020 54.5341 849.447
19080 72.6782 676.694
19140 64.2823 906.009
19200 69.9053 1160.64
19260 73.7622 1125.83
19320 53.5472 1672.97
19380 59.3282 691.983
19440 59.4336 800.154
19500 69.6781 1200.08
19560 61.0906 960.507
19620 58.2628 1946.6
19680 59.9461 663.516
19740 58.6811 805.939
19800 64.6111 768.303
19860 59.9981 849.721
19920 66.4869 1134.71
19980 57.5803 856.771
