0 8919.76 9574.27
100 1308.73 2989.41
200 783.897 1900.77
300 523.635 1767.86
400 547.712 2269.08
500 430.452 2569.97
600 373.027 1711.09
700 409.33 1775.31
800 365.396 2056.26
900 314.057 1676.77
1000 290.917 2097.95
1100 315.858 1557.22
1200 317.24 2337.62
1300 284.871 1494.11
1400 236.493 2352.92
1500 275.777 1774.49
1600 216.231 1900.31
1700 217.313 1567.32
1800 217.6 2032.26
1900 254.485 1916.71
2000 237.488 1324.14
2100 207.011 1447.34
2200 210.22 1695.49
2300 198.031 1756.61
2400 199.343 1323.72
2500 172.866 2391.91
2600 205.148 1537.02
2700 219.469 2463.1
2800 182.165 1304.71
2900 160.744 1393.79
3000 195.937 1744.24
3100 177.806 1324.95
3200 204.98 1415.18
3300 166.175 1863.1
3400 168.382 1244.06
3500 173.905 2021.11
3600 188.091 2365.48
3700 161.16 1368.88
3800 156.072 1417.09
3900 177.853 1562.9
4000 152.968 1389.94
4100 161.327 1338.6
4200 146.97 1374.99
4300 166.656 1417.81
4400 153.766 1300.35
4500 136.541 1508.43
4600 155.352 965.314
4700 144.106 1928.89
4800 166.889 1406.63
4900 152.205 2601.98
5000 147.377 1585.39
5100 163.066 1735.3
5200 134.909 1521.33
5300 151.809 1645.45
5400 160.647 1685.31
5500 147.538 1592.21
5600 136.345 1633.67
5700 141.669 1992.33
5800 133.878 1651.1
5900 154.019 1292.55
6000 133.912 1039.03
6100 165.456 1416.11
6200 129.373 1935.91
6300 120.424 1308.92
6400 120.361 1728.18
6500 113.95 1263.59
6600 136.761 1410.4
6700 134.208 2075.88
6800 127.312 1194.41
6900 128.149 1285.62
7000 119.974 1365.93
7100 122.048 1425.8
7200 150.083 2124.32
7300 123.248 1901.68
7400 133.55 1188.8
7500 124.862 1365.4
7600 143.038 2099.35
7700 151.749 1322.65
7800 116.841 1380.63
7900 127.481 1350.67
8000 139.606 1163.08
8100 112.619 1824.37
8200 121.794 1531.21
8300 118.621 1321.74
8400 141.114 2482.55
8500 126.547 1464.19
8600 113.689 1518.51
8700 126.263 1323.84
8800 118.33 1286.72
8900 103.773 1075.56
9000 125.18 1161.08
9100 127.506 1779.85
9200 107.145 1102.17
9300 109.578 1222.25
9400 108.7 1863.88
9500 92.8808 1101.94
9600 107.332 1035.3
9700 101.844 1174.48
9800 95.5573 1306.49
9900 106.215 1600.24
10000 94.8067 1204.65
10100 101.477 1518.97
10200 116.805 1577.75
10300 93.3512 1020.35
10400 108.638 1390.2
10500 95.3435 1484.3
10600 118.213 1230.57
10700 109.199 2377.49
10800 103.062 1797.23
10900 89.1681 1237.5
11000 111.359 1291.4
11100 95.6329 1941.93
11200 92.7522 1929.37
11300 97.3112 1161.62
11400 97.1066 1188.29
11500 82.8218 1487.18
11600 98.0527 1707.37
11700 92.7628 1290.94
11800 90.0562 1187.43
11900 83.9341 1631.33
12000 82.7178 1461.26
12100 111.649 1405.9
12200 83.7826 1596.27
12300 101.75 1476.69
12400 84.6851 1049.44
12500 81.5443 1735.2
12600 85.2004 1361.23
12700 84.6192 1462.76
12800 99.8559 1158.07
12900 93.7353 1298.98
13000 92.6638 1138.44
13100 81.4151 1449.47
13200 98.4241 1522.58
13300 99.202 973.245
13400 87.8245 1777.17
13500 95.8065 2245.91
13600 276.993 1051.94
13700 314.965 1203.26
13800 112.972 1291.55
13900 93.6216 1213.75
14000 82.0281 1431.51
14100 85.9036 916.008
14200 111.011 1115.52
14300 75.244 1888.05
14400 79.2215 1505.05
14500 75.5865 1153.04
14600 96.591 2023.81
14700 76.2785 1255.73
14800 79.2528 2148.02
14900 70.6395 1156.53
15000 82.3507 1458.92
15100 69.9066 1642.95
15200 75.3196 1085.48
15300 80.6063 1897.55
15400 75.7581 1052.69
15500 80.0415 1284.43
15600 84.4991 1173.59
15700 71.1485 1243.46
15800 78.1997 791.702
15900 94.8458 1465.07
16000 78.0577 1286.82
16100 71.4147 2090.29
16200 72.1374 1308.76
16300 81.4586 2482.5
16400 91.4411 1395.38
16500 78.5163 1225.35
16600 70.3486 838.28
16700 72.026 2361.27
16800 71.8622 1023.18
16900 78.6353 1078.17
17000 79.251 1491.81
17100 82.6145 1862.99
17200 85.9676 1172.87
17300 83.3187 1831.49
17400 78.9632 1122.26
17500 71.8965 1138.32
17600 78.1639 1207.12
17700 79.9454 1138.07
17800 86.6968 1153.16
17900 78.3922 1191.73
18000 73.9259 1039.27
18100 85.5159 2038.7
18200 75.8463 1466.49
18300 75.8287 1473.69
18400 79.8726 995.885
18500 64.728 1403.75
18600 75.2332 2085.45
18700 82.52 1233.92
18800 75.3377 1863.66
18900 73.7877 1776.83
19000 78.1605 1043.4
19100 74.8871 1272.08
19200 67.405 1085.96
19300 67.9975 1276.2
19400 73.0535 1205.96
19500 86.9681 2296.89
19600 87.6933 2222.76
19700 66.7608 1224.65
19800 72.0808 1932.78
19900 75.7559 1223.76
