0 6033.54 6447.1
60 1595.31 2444.2
120 948.98 1592.41
180 573.459 1353.56
240 462.037 1635.69
300 340.4 1822.8
360 348.873 1242.49
420 332.213 1126.95
480 309.187 1425.1
540 330.829 1139.58
600 248.286 1390.13
660 244.573 1175.58
720 222.89 1573.59
780 221.132 996.192
840 242.485 1651.64
900 220.767 1283.54
960 197.494 1178.45
1020 208.978 1125.58
1080 206.51 1290.48
1140 196.329 1391.1
1200 219.618 1403.55
1260 213.652 1417.92
1320 218.301 1338.46
1380 203.863 1158.01
1440 209.866 922.441
1500 192.316 1133.51
1560 165.576 1004.23
1620 156.145 883.072
1680 166.344 965.037
1740 149.953 1054.54
1800 173.274 1102.55
1860 156.52 1344.2
1920 170.656 1724.08
1980 131.769 923.175
2040 150.254 922.087
2100 157.592 1348.25
2160 136.529 1037.2
2220 113.655 996.543
2280 170.752 934.734
2340 146.242 1376.84
2400 126.57 1481.43
2460 134.682 924.251
2520 143.183 1458.86
2580 157.228 976.102
2640 145.73 1564.79
2700 118.476 1118.98
2760 136.568 1125.84
2820 136.933 893.363
2880 126.695 802.697
2940 134.509 835.939
3000 116.971 932.392
3060 116.987 1143.71
3120 125.176 1076.84
3180 138.477 1594.43
3240 127.768 1096.17
3300 113.616 973.072
3360 106.862 759.437
3420 111.473 822.432
3480 122.58 1698.82
3540 128.277 1074.16
3600 126.317 992.106
3660 144.774 876.56
3720 120.366 1063.79
3780 112.925 1214.02
3840 132.306 972.539
3900 106.368 1195.15
3960 126.444 999.03
4020 117.97 1193.04
4080 104.576 840.25
4140 114.728 1260.0
4200 114.776 1238.87
4260 110.812 917.675
4320 103.493 758.867
4380 122.117 1046.64
4440 106.794 1352.34
4500 98.7843 971.382
4560 99.105 929.046
4620 104.304 945.778
4680 113.019 1541.75
4740 105.01 1208.16
4800 110.927 749.275
4860 85.4506 880.904
4920 112.296 789.294
4980 94.3336 851.744
