Visual Landmark Dataset V1
ImageFile, Camera Position [X Y Z W P Q R]

D:/_git/posenet/PoseNet_Dataset/ShopFacade/seq2/frame00008.png 238.406 -2.01574 205.943 0.927732 0.0137727 -0.401324 -0.0270666 1.95043498144 2.09382339012
D:/_git/posenet/PoseNet_Dataset/ShopFacade/seq2/frame00007.png 237.529 -2.0003 206.139 0.913447 -0.000588373 -0.430024 -0.00809739 1.83640105366 2.09341333696
D:/_git/posenet/PoseNet_Dataset/ShopFacade/seq2/frame00005.png 236.398 -2.01727 206.497 0.915069 0.013599 -0.421891 -0.0268124 1.99469761746 2.4319411928
D:/_git/posenet/PoseNet_Dataset/ShopFacade/seq2/frame00003.png 235.131 -2.03942 206.016 0.901084 -0.00167041 -0.454186 -0.00144638 1.13701728973 1.67443539233
D:/_git/posenet/PoseNet_Dataset/ShopFacade/seq2/frame00002.png 235.43 -1.99507 206.026 0.902052 -0.00199282 -0.454269 -0.000600434 1.32335110272 1.93506629494
D:/_git/posenet/PoseNet_Dataset/ShopFacade/seq2/frame00004.png 235.725 -2.04234 206.423 0.895694 -0.0032041 -0.464621 -0.00944612 1.67430255082 2.12819021321
D:/_git/posenet/PoseNet_Dataset/ShopFacade/seq2/frame00001.png 235.167 -2.01215 205.62 0.902597 -0.00292151 -0.448475 -0.00184851 0.95963608811 1.50159055424
D:/_git/posenet/PoseNet_Dataset/ShopFacade/seq2/frame00009.png 238.759 -1.93844 205.917 0.909001 0.0197881 -0.434269 -0.0366947 1.83600109643 2.30107134114
D:/_git/posenet/PoseNet_Dataset/ShopFacade/seq2/frame00010.png 239.624 -1.96599 205.798 0.926227 0.02011 -0.399621 -0.0446726 2.10343627929 2.81829121633
D:/_git/posenet/PoseNet_Dataset/ShopFacade/seq2/frame00151.png 241.861 -1.85189 208.348 0.881121 -0.0243502 -0.490815 0.0449896 1.31732206797 1.73567896421
D:/_git/posenet/PoseNet_Dataset/ShopFacade/seq2/frame00152.png 242.101 -1.88362 209.508 0.881188 -0.0272446 -0.501554 0.019242 2.09757751887 2.04194013174
D:/_git/posenet/PoseNet_Dataset/ShopFacade/seq2/frame00153.png 241.609 -1.94931 210.511 0.878631 -0.0245514 -0.507047 0.0370646 2.50611208782 2.39793966018
D:/_git/posenet/PoseNet_Dataset/ShopFacade/seq2/frame00121.png 242.753 -2.00149 209.874 0.911278 -0.0189774 -0.431672 -0.0457605 2.42994026921 2.98235938401
D:/_git/posenet/PoseNet_Dataset/ShopFacade/seq2/frame00122.png 242.625 -1.94228 208.378 0.928931 -0.0327752 -0.388179 -0.0462168 1.79914223129 1.84140949702
D:/_git/posenet/PoseNet_Dataset/ShopFacade/seq2/frame00120.png 242.813 -1.93235 210.712 0.898667 -0.018735 -0.463068 -0.0400456 2.67422922914 3.04934271193
D:/_git/posenet/PoseNet_Dataset/ShopFacade/seq2/frame00150.png 243.06 -1.79655 207.982 0.891969 -0.0132814 -0.4727 0.00897621 1.75001099252 2.09966470134
D:/_git/posenet/PoseNet_Dataset/ShopFacade/seq2/frame00123.png 242.825 -1.87476 207.942 0.924938 -0.0299957 -0.394842 -0.0591601 1.89648850269 2.37375509776
D:/_git/posenet/PoseNet_Dataset/ShopFacade/seq2/frame00154.png 240.941 -1.83215 210.959 0.873891 -0.0134404 -0.513822 0.0382788 2.28413268156 2.18821206958
D:/_git/posenet/PoseNet_Dataset/ShopFacade/seq2/frame00155.png 240.085 -1.95729 211.002 0.866098 -0.0179903 -0.518268 0.037267 1.59334791079 1.97002381359
D:/_git/posenet/PoseNet_Dataset/ShopFacade/seq2/frame00011.png 240.427 -1.94523 205.835 0.927512 0.0117219 -0.394584 -0.0515095 2.23665230214 2.83854450978
D:/_git/posenet/PoseNet_Dataset/ShopFacade/seq2/frame00012.png 241.005 -1.92711 205.835 0.931037 0.00447297 -0.387407 -0.0439862 2.26001637761 3.25318566245
D:/_git/posenet/PoseNet_Dataset/ShopFacade/seq2/frame00149.png 243.716 -1.87024 207.659 0.900566 -0.0264825 -0.459446 0.0273177 2.09390801802 2.53845705533
D:/_git/posenet/PoseNet_Dataset/ShopFacade/seq2/frame00013.png 241.609 -1.94428 205.702 0.933066 0.00975742 -0.382512 -0.0422636 2.20541154679 3.72712518111
D:/_git/posenet/PoseNet_Dataset/ShopFacade/seq2/frame00231.png 234.213 -2.02179 208.469 0.859988 -0.00829655 -0.528193 0.0187378 1.03525513618 1.72150411077
D:/_git/posenet/PoseNet_Dataset/ShopFacade/seq2/frame00228.png 236.316 -2.03412 210.976 0.862337 -0.0069165 -0.533677 -0.00171649 2.45216518516 2.76657410521
D:/_git/posenet/PoseNet_Dataset/ShopFacade/seq2/frame00229.png 235.241 -2.09755 209.862 0.858893 0.0222064 -0.529716 -0.0242855 1.44382608329 1.82701067381
D:/_git/posenet/PoseNet_Dataset/ShopFacade/seq2/frame00227.png 235.989 -2.09729 210.927 0.809844 -0.0513793 -0.598619 -0.0547097 1.55291311146 2.68702714593
D:/_git/posenet/PoseNet_Dataset/ShopFacade/seq2/frame00127.png 243.11 -1.86586 204.616 0.979959 -0.0260378 -0.211161 -0.0567995 1.44861669776 2.52845862601
D:/_git/posenet/PoseNet_Dataset/ShopFacade/seq2/frame00128.png 243.953 -1.89969 204.287 0.986629 -0.00757562 -0.173983 -0.0677559 2.13636576916 2.93316849455
D:/_git/posenet/PoseNet_Dataset/ShopFacade/seq2/frame00129.png 244.066 -1.82693 203.576 0.98544 -0.000977409 -0.172679 -0.0824257 1.97883146741 3.14576265852
D:/_git/posenet/PoseNet_Dataset/ShopFacade/seq2/frame00130.png 244.848 -1.9131 203.467 0.982212 -0.0114382 -0.199258 -0.0940689 2.44899501827 3.52779252197
D:/_git/posenet/PoseNet_Dataset/ShopFacade/seq2/frame00131.png 244.457 -1.86403 201.721 0.985211 -0.010419 -0.164909 -0.0862798 0.97134772695 2.44105510032
D:/_git/posenet/PoseNet_Dataset/ShopFacade/seq2/frame00132.png 245.861 -1.99114 202.288 0.988761 -0.0220123 -0.16252 -0.0939695 2.27201414171 3.64512096847
D:/_git/posenet/PoseNet_Dataset/ShopFacade/seq2/frame00143.png 246.808 -1.78655 203.024 0.988031 -0.0349496 -0.16588 0.0346355 1.03994108202 1.21056538908
D:/_git/posenet/PoseNet_Dataset/ShopFacade/seq2/frame00144.png 246.577 -1.74841 204.2 0.981947 -0.037926 -0.216315 0.00282326 1.7418479245 2.43989140313
D:/_git/posenet/PoseNet_Dataset/ShopFacade/seq2/frame00145.png 245.831 -1.69484 204.815 0.960892 -0.0461856 -0.295961 0.0116683 1.82050670555 2.88618541619
D:/_git/posenet/PoseNet_Dataset/ShopFacade/seq2/frame00133.png 245.893 -1.92224 201.121 0.99154 -0.0100474 -0.122188 -0.0793721 1.3507594435 2.6673698087
D:/_git/posenet/PoseNet_Dataset/ShopFacade/seq2/frame00134.png 246.622 -1.8674 201.395 0.993679 -0.0149845 -0.130147 -0.0664133 1.95460394985 3.130466187
D:/_git/posenet/PoseNet_Dataset/ShopFacade/seq2/frame00018.png 245.88 -1.80095 205.486 0.963506 -0.0033452 -0.294297 -0.0549282 2.54394430962 3.50868652363
D:/_git/posenet/PoseNet_Dataset/ShopFacade/seq2/frame00017.png 244.416 -1.74109 204.169 0.967813 0.00921876 -0.265409 -0.0380442 1.03799960603 1.57825686765
D:/_git/posenet/PoseNet_Dataset/ShopFacade/seq2/frame00146.png 244.873 -1.70555 205.22 0.947213 -0.0395959 -0.339271 -0.00770393 1.23485333942 2.14910249148
D:/_git/posenet/PoseNet_Dataset/ShopFacade/seq2/frame00019.png 245.604 -1.70069 203.832 0.978712 0.00954805 -0.215961 -0.0434057 0.746833593065 1.73385295027
D:/_git/posenet/PoseNet_Dataset/ShopFacade/seq2/frame00020.png 246.767 -1.72039 204.554 0.971675 -0.00259074 -0.249724 -0.0477638 1.58818485318 3.31373643476
D:/_git/posenet/PoseNet_Dataset/ShopFacade/seq2/frame00126.png 243.468 -1.94281 205.539 0.96981 -0.0372605 -0.261495 -0.0527736 1.95335610311 2.8296719706
D:/_git/posenet/PoseNet_Dataset/ShopFacade/seq2/frame00147.png 244.178 -1.79087 205.6 0.931676 -0.0259225 -0.380813 0.0120496 1.09714539446 1.78371500165
D:/_git/posenet/PoseNet_Dataset/ShopFacade/seq2/frame00016.png 243.814 -1.80941 205.17 0.953603 0.0094634 -0.311752 -0.0585798 1.79743015941 3.1571595398
D:/_git/posenet/PoseNet_Dataset/ShopFacade/seq2/frame00148.png 243.536 -1.7892 206.235 0.906989 -0.000612751 -0.436705 0.00938972 0.934499557965 1.25746006892
D:/_git/posenet/PoseNet_Dataset/ShopFacade/seq2/frame00135.png 247.118 -1.84651 200.733 0.993241 -0.01005 -0.113781 -0.075618 1.64346241965 3.23047724547
D:/_git/posenet/PoseNet_Dataset/ShopFacade/seq2/frame00014.png 243.02 -1.8497 206.138 0.939124 0.0079551 -0.371861 -0.0385853 2.95231257168 3.41691751111
D:/_git/posenet/PoseNet_Dataset/ShopFacade/seq2/frame00125.png 242.667 -1.86208 205.682 0.968997 -0.0248511 -0.26251 -0.0596559 1.10737840977 1.18612512725
D:/_git/posenet/PoseNet_Dataset/ShopFacade/seq2/frame00136.png 247.584 -1.88902 200.443 0.995533 -0.00165347 -0.0769984 -0.07527 1.44239851868 2.82979181727
D:/_git/posenet/PoseNet_Dataset/ShopFacade/seq2/frame00142.png 247.447 -1.84805 202.773 0.997513 -0.029061 -0.065786 0.027045 1.19592269403 2.31681960216
D:/_git/posenet/PoseNet_Dataset/ShopFacade/seq2/frame00137.png 247.881 -1.88921 200.079 0.996067 0.00834324 -0.0433999 -0.0420052 1.17768617005 2.81867445837
D:/_git/posenet/PoseNet_Dataset/ShopFacade/seq2/frame00015.png 243.704 -1.85824 206.069 0.951691 0.0328998 -0.337409 -0.0362604 2.76015214815 4.07300136238
D:/_git/posenet/PoseNet_Dataset/ShopFacade/seq2/frame00119.png 242.188 -1.93675 210.9 0.900457 -0.0193914 -0.454489 -0.0385853 1.88224196394 1.84963593009
D:/_git/posenet/PoseNet_Dataset/ShopFacade/seq2/frame00226.png 236.564 -2.02025 211.69 0.801529 -0.0626166 -0.613426 -0.0391416 1.78472894894 1.56394065487
D:/_git/posenet/PoseNet_Dataset/ShopFacade/seq2/frame00124.png 242.991 -1.90429 206.848 0.952533 -0.045619 -0.323124 -0.0597338 1.73840990164 1.18033439452
D:/_git/posenet/PoseNet_Dataset/ShopFacade/seq2/frame00156.png 239.782 -1.88718 211.788 0.83663 -0.00512098 -0.569975 0.0312395 1.7687264398 1.53725052633
D:/_git/posenet/PoseNet_Dataset/ShopFacade/seq2/frame00021.png 247.287 -1.75866 204.27 0.992167 0.0167909 -0.149657 -0.0362598 1.32906194219 2.75409531571
D:/_git/posenet/PoseNet_Dataset/ShopFacade/seq2/frame00138.png 248.953 -1.72124 201.163 0.997879 0.00372177 0.021858 -0.0316555 2.22003840625 3.57698307142
D:/_git/posenet/PoseNet_Dataset/ShopFacade/seq2/frame00141.png 248.863 -1.84276 203.275 1.00058 0.0155736 -0.0128961 0.00871703 2.62752034657 3.57503508549
D:/_git/posenet/PoseNet_Dataset/ShopFacade/seq2/frame00139.png 249.449 -1.89986 201.806 0.993999 -0.00725939 0.0751369 -0.0340644 2.45648667843 3.42898565521
D:/_git/posenet/PoseNet_Dataset/ShopFacade/seq2/frame00140.png 249.399 -1.77706 202.485 0.99622 -0.000510786 0.0793953 -0.0026863 2.57755636803 3.6576064761
D:/_git/posenet/PoseNet_Dataset/ShopFacade/seq2/frame00225.png 236.213 -2.03591 211.596 0.805613 -0.0556619 -0.605737 -0.0191374 0.701056527309 0.894458389585
D:/_git/posenet/PoseNet_Dataset/ShopFacade/seq2/frame00118.png 241.571 -1.87256 211.284 0.88524 -0.022624 -0.478207 -0.0439105 1.45140755737 1.75351332071
D:/_git/posenet/PoseNet_Dataset/ShopFacade/seq2/frame00157.png 238.926 -1.90671 212.015 0.800925 -0.000381057 -0.616722 0.0306855 1.17611381752 1.12590679705
D:/_git/posenet/PoseNet_Dataset/ShopFacade/seq2/frame00158.png 238.443 -1.88743 212.376 0.790859 0.0127614 -0.624959 0.0516286 1.0076873477 0.604822809804
D:/_git/posenet/PoseNet_Dataset/ShopFacade/seq2/frame00117.png 242.112 -1.79339 212.54 0.864384 -0.0334293 -0.524636 -0.0341869 2.18569895598 1.87998370824
D:/_git/posenet/PoseNet_Dataset/ShopFacade/seq2/frame00224.png 236.732 -2.02272 213.044 0.774124 -0.0348777 -0.646294 -0.0502425 1.52538530181 2.16071853045
D:/_git/posenet/PoseNet_Dataset/ShopFacade/seq2/frame00159.png 238.285 -1.90374 213.813 0.794352 -0.00118079 -0.624957 0.0542547 1.76356124312 1.54492853285
D:/_git/posenet/PoseNet_Dataset/ShopFacade/seq2/frame00223.png 237.582 -1.96944 214.449 0.738376 -0.0570318 -0.692826 -0.0402305 2.37277072726 2.75867054786
D:/_git/posenet/PoseNet_Dataset/ShopFacade/seq2/frame00160.png 237.538 -1.88949 214.247 0.795196 0.000862393 -0.622103 0.0466121 1.48294037403 1.76937203805
D:/_git/posenet/PoseNet_Dataset/ShopFacade/seq2/frame00222.png 237.866 -1.93203 214.989 0.739199 -0.0473799 -0.688809 -0.0396705 2.18351833898 2.83460342641
D:/_git/posenet/PoseNet_Dataset/ShopFacade/seq2/frame00161.png 236.83 -1.91123 214.512 0.808073 -0.00706535 -0.606898 0.0361564 1.03255913406 1.60304672184
D:/_git/posenet/PoseNet_Dataset/ShopFacade/seq2/frame00162.png 235.331 -1.90606 214.079 0.766285 -0.0135915 -0.650362 0.0465736 0.568688402665 0.416968829988
D:/_git/posenet/PoseNet_Dataset/ShopFacade/seq2/frame00163.png 235.632 -1.92708 215.089 0.775197 0.00275506 -0.642219 0.0446816 0.201543244602 0.59426458409
D:/_git/posenet/PoseNet_Dataset/ShopFacade/seq2/frame00022.png 248.383 -1.71097 204.523 0.99495 0.0291232 -0.108252 -0.0420149 1.72687272449 2.67391651025
D:/_git/posenet/PoseNet_Dataset/ShopFacade/seq2/frame00023.png 248.694 -1.55207 204.082 0.996187 0.0172959 -0.0933937 -0.0463729 1.26116726181 1.90569313067
D:/_git/posenet/PoseNet_Dataset/ShopFacade/seq2/frame00221.png 237.225 -1.86079 215.086 0.721858 -0.0360104 -0.70359 -0.0231671 1.06488056426 2.0363914819
D:/_git/posenet/PoseNet_Dataset/ShopFacade/seq2/frame00220.png 238.86 -2.00973 217.063 0.676797 -0.0234011 -0.756831 -0.0106276 2.67664388881 2.49756557544
D:/_git/posenet/PoseNet_Dataset/ShopFacade/seq2/frame00230.png 234.99 -2.12396 209.723 0.870265 0.0175777 -0.514845 0.0076449 1.89489708822 1.80581786484
D:/_git/posenet/PoseNet_Dataset/ShopFacade/seq2/frame00116.png 241.328 -1.82011 212.798 0.852691 -0.00960424 -0.53805 -0.0295432 1.43141110521 1.75087073558
D:/_git/posenet/PoseNet_Dataset/ShopFacade/seq2/frame00219.png 238.992 -1.9395 217.736 0.599319 -0.0293491 -0.820466 -0.0157424 2.51393915636 2.87642253806
D:/_git/posenet/PoseNet_Dataset/ShopFacade/seq2/frame00168.png 235.155 -1.78388 219.081 0.617651 -0.0171932 -0.79661 0.0507883 0.514428381071 0.895313217549
D:/_git/posenet/PoseNet_Dataset/ShopFacade/seq2/frame00167.png 234.886 -1.93546 218.291 0.652431 -0.0129842 -0.769039 0.0429248 0.416950412843 0.664858449375
D:/_git/posenet/PoseNet_Dataset/ShopFacade/seq2/frame00166.png 235.062 -1.78151 217.932 0.686845 -0.0130667 -0.742297 0.0450214 0.955944115486 0.697154907874
D:/_git/posenet/PoseNet_Dataset/ShopFacade/seq2/frame00115.png 241.273 -1.81012 213.548 0.804519 -0.0325845 -0.613706 -0.0156981 1.49175477296 1.74510512359
D:/_git/posenet/PoseNet_Dataset/ShopFacade/seq2/frame00114.png 241.262 -1.88186 214.147 0.78509 -0.0278634 -0.635009 -0.0300915 1.34658662802 1.63591290004
D:/_git/posenet/PoseNet_Dataset/ShopFacade/seq2/frame00113.png 241.751 -1.83068 215.231 0.755851 -0.0277517 -0.673663 -0.0170906 1.9775352692 2.1622708773
D:/_git/posenet/PoseNet_Dataset/ShopFacade/seq2/frame00112.png 241.186 -1.85409 215.664 0.708733 -0.0172885 -0.721479 -0.0148376 1.30002262359 2.93033792888
D:/_git/posenet/PoseNet_Dataset/ShopFacade/seq2/frame00111.png 242.277 -1.83493 217.494 0.697616 -0.00703262 -0.739444 -0.0179692 2.83034820629 3.47305250636
D:/_git/posenet/PoseNet_Dataset/ShopFacade/seq2/frame00110.png 240.95 -1.71145 217.037 0.655429 -0.00403335 -0.772398 -0.0112749 1.04070190386 1.61262857039
D:/_git/posenet/PoseNet_Dataset/ShopFacade/seq2/frame00109.png 241.644 -1.77441 218.319 0.633012 -0.0158148 -0.796164 -0.00549843 1.87440906508 2.04809996722
D:/_git/posenet/PoseNet_Dataset/ShopFacade/seq2/frame00170.png 235.828 -1.71571 220.599 0.574061 -0.0203201 -0.83233 0.068554 0.755112833901 1.29123222883
D:/_git/posenet/PoseNet_Dataset/ShopFacade/seq2/frame00171.png 235.884 -1.78851 220.854 0.526183 -0.0136349 -0.86068 0.0800882 0.28065062576 0.335648080366
D:/_git/posenet/PoseNet_Dataset/ShopFacade/seq2/frame00172.png 235.807 -1.72252 220.965 0.51394 -0.017423 -0.865966 0.0808261 0.5006183735 0.584576045286
D:/_git/posenet/PoseNet_Dataset/ShopFacade/seq2/frame00173.png 236.697 -1.73074 222.278 0.478478 -0.0110627 -0.887854 0.0848311 0.423894258227 0.680304916886
D:/_git/posenet/PoseNet_Dataset/ShopFacade/seq2/frame00175.png 237.47 -1.75646 223.69 0.48357 -0.0243815 -0.887206 0.077489 0.372711482104 0.433108434635
D:/_git/posenet/PoseNet_Dataset/ShopFacade/seq2/frame00176.png 237.611 -1.68935 224.122 0.463271 -0.0335852 -0.895681 0.0630725 0.0898477419295 0.438721397745
D:/_git/posenet/PoseNet_Dataset/ShopFacade/seq2/frame00174.png 237.288 -1.66391 222.943 0.513705 -0.0131032 -0.86813 0.0837216 0.344255724589 0.418191761646
D:/_git/posenet/PoseNet_Dataset/ShopFacade/seq2/frame00177.png 238.303 -1.67807 225.285 0.420582 -0.0468727 -0.918024 0.0627282 0.589989091463 0.820080714074
D:/_git/posenet/PoseNet_Dataset/ShopFacade/seq2/frame00178.png 237.81 -1.67043 225.186 0.459437 -0.0588261 -0.893809 0.069692 0.593580728061 0.430054298967
D:/_git/posenet/PoseNet_Dataset/ShopFacade/seq2/frame00169.png 235.144 -1.78492 219.508 0.5821 -0.00666227 -0.825215 0.0496668 0.317338357717 0.499555562257
D:/_git/posenet/PoseNet_Dataset/ShopFacade/seq2/frame00179.png 239.273 -1.78265 227.22 0.431395 -0.0269301 -0.916916 0.0613233 1.20998936295 1.38216091041
D:/_git/posenet/PoseNet_Dataset/ShopFacade/seq2/frame00180.png 238.816 -1.78535 227.288 0.456995 -0.0029747 -0.900251 0.061318 0.271408978459 0.960965948908
D:/_git/posenet/PoseNet_Dataset/ShopFacade/seq2/frame00181.png 238.595 -1.71703 228.274 0.497579 -0.03061 -0.874622 0.0739823 0.28928068439 0.515751042928
D:/_git/posenet/PoseNet_Dataset/ShopFacade/seq2/frame00182.png 238.51 -1.78359 228.579 0.476923 -0.0391335 -0.886865 0.0501375 0.392566752982 0.342061957199
D:/_git/posenet/PoseNet_Dataset/ShopFacade/seq2/frame00210.png 239.907 -1.90621 223.871 0.472078 -0.021696 -0.894676 -0.0104989 0.432828284551 1.95679848942
D:/_git/posenet/PoseNet_Dataset/ShopFacade/seq2/frame00209.png 240.844 -1.83004 225.235 0.469837 -0.0227734 -0.899525 -0.00721057 1.11110335772 1.68149544847
D:/_git/posenet/PoseNet_Dataset/ShopFacade/seq2/frame00208.png 241.518 -1.8837 226.679 0.422554 -0.0300902 -0.925012 -0.00243508 1.89623088017 2.45721071977
D:/_git/posenet/PoseNet_Dataset/ShopFacade/seq2/frame00183.png 238.819 -1.72417 229.722 0.467154 -0.0501426 -0.893024 0.0625683 0.121211227855 0.866233233619
D:/_git/posenet/PoseNet_Dataset/ShopFacade/seq2/frame00184.png 238.363 -1.68383 230.026 0.487609 -0.0489078 -0.87922 0.0603098 0.566205756763 0.169287583957
D:/_git/posenet/PoseNet_Dataset/ShopFacade/seq2/frame00206.png 241.787 -1.8541 228.159 0.375555 -0.0162277 -0.94581 0.00216068 1.88904334986 2.16235115471
D:/_git/posenet/PoseNet_Dataset/ShopFacade/seq2/frame00079.png 241.841 -1.77706 229.117 0.39431 0.0615236 -0.935924 0.0135215 2.57086366502 2.02519253832
D:/_git/posenet/PoseNet_Dataset/ShopFacade/seq2/frame00205.png 241.853 -1.86448 229.412 0.375626 -0.00402673 -0.947506 -0.0128074 2.21538891164 2.13371467313
D:/_git/posenet/PoseNet_Dataset/ShopFacade/seq2/frame00080.png 241.204 -1.82773 228.694 0.417076 0.0422848 -0.921915 0.0263238 1.14929164326 1.72289718785
D:/_git/posenet/PoseNet_Dataset/ShopFacade/seq2/frame00204.png 242.376 -1.78177 230.754 0.321922 -0.0144875 -0.970225 -0.0165358 2.92173990384 2.22553480338
D:/_git/posenet/PoseNet_Dataset/ShopFacade/seq2/frame00081.png 241.364 -1.83414 229.58 0.381072 0.0522051 -0.93682 0.0395758 1.31175483267 1.55845726003
D:/_git/posenet/PoseNet_Dataset/ShopFacade/seq2/frame00203.png 241.343 -1.85511 230.524 0.313357 -0.00414351 -0.965851 -0.0211074 1.4264343689 1.79173238045
D:/_git/posenet/PoseNet_Dataset/ShopFacade/seq2/frame00202.png 241.102 -1.88747 231.168 0.295942 -0.0173561 -0.968621 -0.0186677 1.10576673245 1.2177707344
D:/_git/posenet/PoseNet_Dataset/ShopFacade/seq2/frame00082.png 241.614 -1.78181 230.245 0.319446 0.0434162 -0.965512 0.0301321 1.39242274977 1.25243176665
D:/_git/posenet/PoseNet_Dataset/ShopFacade/seq2/frame00096.png 243.074 -1.90496 227.438 0.333182 -0.00664833 -0.961838 0.000181255 2.07201389938 2.01575157692
D:/_git/posenet/PoseNet_Dataset/ShopFacade/seq2/frame00095.png 243.066 -1.86722 227.929 0.295877 -0.0342917 -0.973159 0.00259693 1.93906444923 1.91404076515
D:/_git/posenet/PoseNet_Dataset/ShopFacade/seq2/frame00094.png 243.101 -1.91934 228.585 0.296923 -0.0121638 -0.974103 -0.00296336 1.94275677989 2.13491758975
D:/_git/posenet/PoseNet_Dataset/ShopFacade/seq2/frame00093.png 242.385 -1.87333 228.249 0.303876 -0.0169342 -0.9702 -0.00808862 0.767582765954 1.19725302961
D:/_git/posenet/PoseNet_Dataset/ShopFacade/seq2/frame00092.png 242.845 -1.88834 229.557 0.291631 -0.0240888 -0.974876 -0.00994096 1.56066403101 1.56949886263
D:/_git/posenet/PoseNet_Dataset/ShopFacade/seq2/frame00083.png 241.118 -1.88128 229.927 0.27032 0.0347082 -0.972389 0.0208771 0.386807745038 0.797829885688
D:/_git/posenet/PoseNet_Dataset/ShopFacade/seq2/frame00091.png 243.107 -1.87477 230.313 0.299324 -0.00989217 -0.974214 -0.0153051 1.84001275628 1.62455967505
D:/_git/posenet/PoseNet_Dataset/ShopFacade/seq2/frame00090.png 243.585 -2.00931 231.411 0.263971 -0.0190856 -0.986091 -0.00760291 2.55873669939 2.46702220737
D:/_git/posenet/PoseNet_Dataset/ShopFacade/seq2/frame00084.png 242.462 -1.86402 231.104 0.234614 0.0122183 -0.98946 0.0152634 1.32280143697 1.21734387256
D:/_git/posenet/PoseNet_Dataset/ShopFacade/seq2/frame00089.png 242.482 -1.91229 230.685 0.271931 -0.00400914 -0.978813 0.00177003 0.93614365036 1.69984857111
D:/_git/posenet/PoseNet_Dataset/ShopFacade/seq2/frame00085.png 243.0 -1.9379 231.656 0.229784 -0.00411288 -0.991198 0.00476735 1.68991480381 1.28607216019
D:/_git/posenet/PoseNet_Dataset/ShopFacade/seq2/frame00088.png 242.973 -1.95414 231.528 0.274173 -0.00691426 -0.978997 -0.0097096 1.57120594023 2.14744664626
D:/_git/posenet/PoseNet_Dataset/ShopFacade/seq2/frame00087.png 242.568 -1.94841 231.501 0.259171 -0.0148464 -0.981717 0.00530029 1.10102791213 1.38386087307
D:/_git/posenet/PoseNet_Dataset/ShopFacade/seq2/frame00086.png 242.981 -1.90486 231.683 0.189532 -0.0253716 -0.998526 -0.00725527 1.4220788399 1.535601706
D:/_git/posenet/PoseNet_Dataset/ShopFacade/seq2/frame00201.png 240.644 -1.9112 231.426 0.30747 -0.02162 -0.964706 -0.0183411 0.364580041765 1.20561342302
D:/_git/posenet/PoseNet_Dataset/ShopFacade/seq2/frame00200.png 241.102 -1.89154 232.906 0.261874 -0.0239501 -0.979849 -0.00788996 1.10310727358 0.689478525289
D:/_git/posenet/PoseNet_Dataset/ShopFacade/seq2/frame00199.png 241.538 -1.87112 233.99 0.26762 -0.0246865 -0.981227 -0.000501792 1.64301240644 1.16736750361
D:/_git/posenet/PoseNet_Dataset/ShopFacade/seq2/frame00198.png 240.035 -1.79635 233.51 0.241695 -0.0305028 -0.98087 -0.00186353 0.406542842032 0.839442757925
D:/_git/posenet/PoseNet_Dataset/ShopFacade/seq2/frame00097.png 242.663 -1.8172 226.37 0.34155 -0.0205387 -0.956985 -0.00339824 1.4693745981 2.13018939882
D:/_git/posenet/PoseNet_Dataset/ShopFacade/seq2/frame00197.png 239.715 -1.89566 233.99 0.257011 -0.0146146 -0.97691 -0.0146111 0.28830378165 0.699869967776
D:/_git/posenet/PoseNet_Dataset/ShopFacade/seq2/frame00196.png 239.275 -1.82879 234.726 0.272142 -0.0240095 -0.973976 -0.0184645 0.181681766961 0.94604147192
D:/_git/posenet/PoseNet_Dataset/ShopFacade/seq2/frame00195.png 239.725 -1.8956 236.065 0.292909 -0.0210534 -0.972261 -0.0404695 1.36801646308 1.28329327915
D:/_git/posenet/PoseNet_Dataset/ShopFacade/seq2/frame00098.png 243.093 -1.84824 226.05 0.364525 -0.0102091 -0.951111 -0.00090463 2.05193229319 2.28972242079
D:/_git/posenet/PoseNet_Dataset/ShopFacade/seq2/frame00187.png 238.811 -1.97023 233.091 0.343567 -0.0099306 -0.952988 0.01818 0.849694766434 1.02678811318
D:/_git/posenet/PoseNet_Dataset/ShopFacade/seq2/frame00188.png 238.422 -1.79004 233.203 0.248039 0.0117181 -0.980954 0.027623 0.359445339574 0.787015972441
D:/_git/posenet/PoseNet_Dataset/ShopFacade/seq2/frame00189.png 238.337 -1.8409 234.097 0.254815 -0.00292444 -0.9813 0.0147246 0.891408065098 0.871816536535
D:/_git/posenet/PoseNet_Dataset/ShopFacade/seq2/frame00190.png 237.575 -1.79242 233.944 0.242392 0.0186498 -0.980252 0.0321834 0.0993363347651 0.710332628753
D:/_git/posenet/PoseNet_Dataset/ShopFacade/seq2/frame00191.png 236.774 -1.82825 233.792 0.294985 0.00491536 -0.964924 -0.0097488 0.606780579879 0.557576771408
D:/_git/posenet/PoseNet_Dataset/ShopFacade/seq2/frame00192.png 237.394 -1.83938 234.733 0.279154 0.0138247 -0.970896 -0.0240654 0.164548253558 1.10205474579
D:/_git/posenet/PoseNet_Dataset/ShopFacade/seq2/frame00186.png 238.343 -1.96154 231.769 0.456605 -0.0200268 -0.900953 0.038896 0.229953837184 1.06737643076
D:/_git/posenet/PoseNet_Dataset/ShopFacade/seq2/frame00194.png 238.049 -1.83876 235.004 0.306492 -0.019919 -0.961299 -0.0447626 0.20624034734 1.09969998049
D:/_git/posenet/PoseNet_Dataset/ShopFacade/seq2/frame00193.png 238.031 -1.80972 235.403 0.312743 -0.0019359 -0.961338 -0.0565486 0.590021932665 1.14335835599
D:/_git/posenet/PoseNet_Dataset/ShopFacade/seq2/frame00099.png 241.695 -1.91806 224.248 0.340502 -0.0141174 -0.952753 -0.0346067 0.364117423212 1.48509872331
D:/_git/posenet/PoseNet_Dataset/ShopFacade/seq2/frame00100.png 241.728 -1.87025 223.949 0.340811 -0.0198333 -0.953444 -0.0220196 0.791293613189 1.54078466802
D:/_git/posenet/PoseNet_Dataset/ShopFacade/seq2/frame00185.png 237.763 -1.74424 230.185 0.530985 -0.0589785 -0.852297 0.0537187 1.37488306361 0.486129923686
D:/_git/posenet/PoseNet_Dataset/ShopFacade/seq2/frame00207.png 241.39 -1.8121 227.411 0.426231 -0.0103593 -0.923665 -0.00564992 1.73178649487 2.29778779246
D:/_git/posenet/PoseNet_Dataset/ShopFacade/seq2/frame00212.png 240.616 -1.81049 222.991 0.513412 -0.0234198 -0.876094 -0.00378678 1.56161164521 2.15014109661
D:/_git/posenet/PoseNet_Dataset/ShopFacade/seq2/frame00211.png 241.046 -1.92704 224.115 0.499232 -0.0220797 -0.884702 -0.00954417 1.92748799773 1.93761504142
D:/_git/posenet/PoseNet_Dataset/ShopFacade/seq2/frame00103.png 242.548 -1.80028 223.014 0.384581 0.00351271 -0.946905 -0.00355701 2.53180314955 2.44752114247
D:/_git/posenet/PoseNet_Dataset/ShopFacade/seq2/frame00104.png 241.747 -1.68334 221.63 0.388065 -0.0135783 -0.941231 -0.00205151 1.53134813344 1.69898347935
D:/_git/posenet/PoseNet_Dataset/ShopFacade/seq2/frame00102.png 242.141 -1.72798 223.047 0.337837 -0.012629 -0.960274 -0.0178394 1.68747382541 2.13766181938
D:/_git/posenet/PoseNet_Dataset/ShopFacade/seq2/frame00105.png 241.899 -1.68804 221.182 0.429925 -0.0177455 -0.921869 -0.00357473 1.88032550126 2.44804127946
D:/_git/posenet/PoseNet_Dataset/ShopFacade/seq2/frame00106.png 241.733 -1.66058 220.287 0.469413 -0.0236142 -0.900189 0.00233551 1.6602860966 2.37498968297
D:/_git/posenet/PoseNet_Dataset/ShopFacade/seq2/frame00076.png 241.51 -1.7289 226.784 0.500213 0.0522707 -0.882462 0.0434377 2.10977807471 2.28048498546
D:/_git/posenet/PoseNet_Dataset/ShopFacade/seq2/frame00107.png 242.131 -1.83732 220.185 0.533443 -0.0178062 -0.866956 -0.00794939 2.4230316484 2.75194856871
D:/_git/posenet/PoseNet_Dataset/ShopFacade/seq2/frame00213.png 239.69 -1.85691 221.668 0.544222 -0.0297405 -0.853251 -0.0117806 0.906597203092 2.08033868746
D:/_git/posenet/PoseNet_Dataset/ShopFacade/seq2/frame00108.png 241.141 -1.7748 218.392 0.563057 -0.0119416 -0.844944 -0.010616 1.02970006513 1.50717153666
D:/_git/posenet/PoseNet_Dataset/ShopFacade/seq2/frame00078.png 241.722 -1.79583 228.295 0.427567 0.0754541 -0.922529 0.0112856 2.38278199563 2.38612393297
D:/_git/posenet/PoseNet_Dataset/ShopFacade/seq2/frame00101.png 242.343 -1.78064 223.872 0.295775 -0.00527459 -0.973297 -0.0300922 1.74092546536 1.89204646883
D:/_git/posenet/PoseNet_Dataset/ShopFacade/seq2/frame00071.png 240.637 -1.86177 222.452 0.60964 0.0222487 -0.808072 0.0544231 1.3087817963 1.81116344485
D:/_git/posenet/PoseNet_Dataset/ShopFacade/seq2/frame00070.png 240.99 -1.85683 221.799 0.622289 0.0260375 -0.799682 0.0633206 1.49782224766 1.60161604964
D:/_git/posenet/PoseNet_Dataset/ShopFacade/seq2/frame00077.png 241.037 -1.77671 227.092 0.506351 0.0722807 -0.87574 0.021292 1.5994159677 2.21927964265
D:/_git/posenet/PoseNet_Dataset/ShopFacade/seq2/frame00217.png 238.593 -1.80742 218.109 0.629723 -0.0397917 -0.793419 -0.025702 0.73600773801 1.46363881827
D:/_git/posenet/PoseNet_Dataset/ShopFacade/seq2/frame00214.png 239.581 -1.79288 220.758 0.564808 -0.0263742 -0.84135 -0.0141005 0.770000408458 1.68556797567
D:/_git/posenet/PoseNet_Dataset/ShopFacade/seq2/frame00069.png 240.676 -1.78851 220.765 0.643139 0.0400191 -0.778208 0.0674022 1.04001315699 1.4288150674
D:/_git/posenet/PoseNet_Dataset/ShopFacade/seq2/frame00068.png 241.259 -1.85794 220.648 0.65198 0.0296054 -0.776852 0.0714452 2.03485510807 2.38048541438
D:/_git/posenet/PoseNet_Dataset/ShopFacade/seq2/frame00067.png 241.602 -1.80651 219.673 0.677497 0.0214969 -0.754711 0.0696923 1.90413905107 2.05123218402
D:/_git/posenet/PoseNet_Dataset/ShopFacade/seq2/frame00066.png 241.321 -1.85615 218.571 0.689534 0.0259983 -0.741638 0.0665753 1.47098235163 2.04661502005
D:/_git/posenet/PoseNet_Dataset/ShopFacade/seq2/frame00065.png 240.726 -1.83073 216.933 0.728284 0.00569309 -0.697782 0.064326 0.315506739045 1.57896885646
D:/_git/posenet/PoseNet_Dataset/ShopFacade/seq2/frame00064.png 242.298 -1.89097 217.495 0.722569 0.0222478 -0.713299 0.0472808 2.07279006737 2.63783099107
D:/_git/posenet/PoseNet_Dataset/ShopFacade/seq2/frame00063.png 243.099 -1.75698 217.26 0.755256 0.00858065 -0.67775 0.0691181 2.79664957226 2.60146031665
D:/_git/posenet/PoseNet_Dataset/ShopFacade/seq2/frame00215.png 239.436 -1.77376 220.12 0.621258 -0.032493 -0.800798 -0.0248164 1.13794807677 1.2149602784
D:/_git/posenet/PoseNet_Dataset/ShopFacade/seq2/frame00062.png 242.021 -1.64155 215.393 0.76442 0.0125262 -0.660295 0.0474391 1.20216345958 1.65049636579
D:/_git/posenet/PoseNet_Dataset/ShopFacade/seq2/frame00165.png 235.971 -1.92115 218.062 0.739398 -0.0159811 -0.690731 0.0295731 1.98370590994 1.99073756419
D:/_git/posenet/PoseNet_Dataset/ShopFacade/seq2/frame00072.png 241.155 -1.79875 223.625 0.599287 0.0459433 -0.817357 0.00258345 1.9246966762 2.6305300201
D:/_git/posenet/PoseNet_Dataset/ShopFacade/seq2/frame00024.png 249.128 -1.72864 203.78 0.998158 0.0259608 -0.0439643 -0.0366315 0.884608617845 2.33593458808
D:/_git/posenet/PoseNet_Dataset/ShopFacade/seq2/frame00075.png 241.086 -1.70074 225.641 0.527131 0.0587374 -0.86388 0.0263389 1.69159982069 1.89331843924
D:/_git/posenet/PoseNet_Dataset/ShopFacade/seq2/frame00074.png 240.932 -1.86214 225.013 0.524844 0.0691348 -0.863035 0.0208874 1.57665851207 2.44558819573
D:/_git/posenet/PoseNet_Dataset/ShopFacade/seq2/frame00073.png 241.317 -1.70763 224.32 0.57894 0.0427267 -0.832234 0.00277776 1.90296271918 2.2274262821
D:/_git/posenet/PoseNet_Dataset/ShopFacade/seq2/frame00006.png 237.213 -1.98726 206.477 0.913733 0.0191847 -0.422526 -0.0680584 2.01592910674 2.45839777194
D:/_git/posenet/PoseNet_Dataset/ShopFacade/seq2/frame00164.png 235.817 -1.95437 216.831 0.754349 0.0011159 -0.671122 0.0590757 1.32598245427 1.22523341657
D:/_git/posenet/PoseNet_Dataset/ShopFacade/seq2/frame00216.png 238.954 -1.86141 218.704 0.598933 -0.0324543 -0.813837 -0.0346773 0.435082723243 0.989792878165
D:/_git/posenet/PoseNet_Dataset/ShopFacade/seq2/frame00059.png 243.54 -1.85159 213.774 0.859744 -0.00932688 -0.533395 0.0536208 1.91211172766 2.49808328102
D:/_git/posenet/PoseNet_Dataset/ShopFacade/seq2/frame00061.png 243.0 -1.77178 215.266 0.803458 -0.0181271 -0.618685 0.0509178 2.09308730968 1.95534862083
D:/_git/posenet/PoseNet_Dataset/ShopFacade/seq2/frame00057.png 244.928 -1.86105 213.117 0.887581 0.00638651 -0.486056 0.0354572 2.47083561648 3.42640775924
D:/_git/posenet/PoseNet_Dataset/ShopFacade/seq2/frame00056.png 245.783 -1.81765 212.572 0.919091 -0.00114052 -0.423943 0.0271623 2.53909015475 2.94630812445
D:/_git/posenet/PoseNet_Dataset/ShopFacade/seq2/frame00058.png 244.105 -1.87715 212.907 0.872904 0.00299481 -0.503698 0.0267834 1.64164688754 2.16862768452
D:/_git/posenet/PoseNet_Dataset/ShopFacade/seq2/frame00055.png 246.774 -1.8839 212.979 0.893525 0.00250477 -0.477741 0.0339509 3.48217262727 4.77075903332
D:/_git/posenet/PoseNet_Dataset/ShopFacade/seq2/frame00054.png 246.397 -1.86432 211.246 0.925274 -0.00472254 -0.399914 0.0332752 1.81813219997 3.17897700111
D:/_git/posenet/PoseNet_Dataset/ShopFacade/seq2/frame00053.png 247.315 -1.87365 211.119 0.940399 -0.0064452 -0.367323 0.0250632 2.235155647 2.67301921946
D:/_git/posenet/PoseNet_Dataset/ShopFacade/seq2/frame00052.png 247.19 -1.73161 209.558 0.975761 -0.0238148 -0.240079 0.0103604 0.759576196362 0.617342898338
D:/_git/posenet/PoseNet_Dataset/ShopFacade/seq2/frame00051.png 247.971 -1.76451 209.36 0.995018 -0.0107812 -0.110546 0.013688 0.95541321622 0.651184046862
D:/_git/posenet/PoseNet_Dataset/ShopFacade/seq2/frame00050.png 248.618 -1.71343 209.291 0.998655 -0.0309932 0.0203581 0.0268935 1.05602927925 1.4008531587
D:/_git/posenet/PoseNet_Dataset/ShopFacade/seq2/frame00049.png 249.689 -1.70482 209.084 0.997672 -0.0183488 0.0538342 -0.00167105 1.22423804073 0.849161731652
D:/_git/posenet/PoseNet_Dataset/ShopFacade/seq2/frame00027.png 251.441 -1.5859 203.828 0.988793 0.0220119 0.10796 -0.0435685 0.939080513181 1.53543685945
D:/_git/posenet/PoseNet_Dataset/ShopFacade/seq2/frame00026.png 251.318 -1.57243 204.329 0.992572 0.0555084 0.0928484 -0.0299528 1.6675461371 1.81639684502
D:/_git/posenet/PoseNet_Dataset/ShopFacade/seq2/frame00028.png 251.972 -1.62259 203.914 0.991812 0.0174848 0.0983616 -0.0298506 0.791478648067 1.40410225174
D:/_git/posenet/PoseNet_Dataset/ShopFacade/seq2/frame00029.png 253.068 -1.60959 204.562 0.99173 0.00140626 0.10812 -0.0293825 1.35198229145 1.77183927524
D:/_git/posenet/PoseNet_Dataset/ShopFacade/seq2/frame00030.png 252.989 -1.61472 204.152 0.980505 0.0174412 0.156975 -0.0297817 0.598419113449 1.31467455959
D:/_git/posenet/PoseNet_Dataset/ShopFacade/seq2/frame00031.png 254.736 -1.65144 205.228 0.980644 0.0180841 0.18204 -0.0368291 1.54843005795 1.48353469449
D:/_git/posenet/PoseNet_Dataset/ShopFacade/seq2/frame00032.png 255.133 -1.61634 205.497 0.965516 0.0384629 0.245772 -0.0316405 1.31779489081 1.35023540937
D:/_git/posenet/PoseNet_Dataset/ShopFacade/seq2/frame00033.png 255.407 -1.49339 205.934 0.957856 0.0414532 0.261985 -0.0326887 1.12935794868 1.39571819046
D:/_git/posenet/PoseNet_Dataset/ShopFacade/seq2/frame00034.png 255.475 -1.60072 205.915 0.946713 0.0460477 0.302138 -0.0285484 0.497772540652 0.712554047777
D:/_git/posenet/PoseNet_Dataset/ShopFacade/seq2/frame00035.png 256.525 -1.53112 206.926 0.952055 0.0506405 0.291045 -0.0194732 1.12991414024 0.821688646108
D:/_git/posenet/PoseNet_Dataset/ShopFacade/seq2/frame00036.png 242.929 0.429819 209.658 -0.283719 -0.941091 -0.157136 0.303316 2.73993514811 2.46349573446
D:/_git/posenet/PoseNet_Dataset/ShopFacade/seq2/frame00043.png 243.999 -2.15441 211.302 -0.279612 -0.86062 -0.279004 0.39079 1.94493811309 1.80431439622
D:/_git/posenet/PoseNet_Dataset/ShopFacade/seq2/frame00045.png 252.514 -1.73438 208.788 0.98354 -0.0482904 0.168056 -0.0134288 1.05910375547 1.00107170257
D:/_git/posenet/PoseNet_Dataset/ShopFacade/seq2/frame00048.png 249.962 -1.6976 208.602 0.989384 -0.0465047 0.1229 0.00873263 0.707870553887 0.449542606493
D:/_git/posenet/PoseNet_Dataset/ShopFacade/seq2/frame00046.png 252.097 -1.68685 209.274 0.993055 -0.0470345 0.113307 0.00616046 1.66107657849 2.2364915053
D:/_git/posenet/PoseNet_Dataset/ShopFacade/seq2/frame00047.png 251.462 -1.67693 209.398 0.99429 -0.0404581 0.104946 0.00505588 1.79796078347 0.744755460397
D:/_git/posenet/PoseNet_Dataset/ShopFacade/seq2/frame00060.png 242.691 -1.82124 213.916 0.820944 0.0218643 -0.587793 0.0406286 1.18241190162 1.81706162998
D:/_git/posenet/PoseNet_Dataset/ShopFacade/seq2/frame00040.png 255.761 -1.61003 208.282 0.958595 0.0257907 0.271317 -0.00502497 0.541544343692 0.947159448105
D:/_git/posenet/PoseNet_Dataset/ShopFacade/seq2/frame00025.png 250.317 -1.6514 203.866 0.995586 0.0281412 0.0664131 -0.0525228 1.28319414527 2.04423653999
D:/_git/posenet/PoseNet_Dataset/ShopFacade/seq2/frame00218.png 238.234 -1.94766 216.585 0.638484 -0.0443176 -0.782652 -0.0255517 0.27224328505 0.968041785003
D:/_git/posenet/PoseNet_Dataset/ShopFacade/seq2/frame00038.png 256.319 -1.56995 207.705 0.946409 0.0648602 0.304507 -0.00683854 0.212699750691 1.11436798647
D:/_git/posenet/PoseNet_Dataset/ShopFacade/seq2/frame00039.png 256.837 -1.64149 209.077 0.955432 0.0437159 0.262068 0.0189849 1.51779466728 1.90049307095
D:/_git/posenet/PoseNet_Dataset/ShopFacade/seq2/frame00041.png 255.351 -1.54307 208.989 0.956147 -0.00609183 0.285287 0.00711277 1.21966090663 0.950033773185
D:/_git/posenet/PoseNet_Dataset/ShopFacade/seq2/frame00042.png 254.358 -1.6398 208.598 0.952945 -0.0016488 0.291651 0.0299478 0.790746576547 0.530241836719
D:/_git/posenet/PoseNet_Dataset/ShopFacade/seq2/frame00044.png 252.635 -1.65677 208.267 0.972005 -0.0643134 0.211099 0.0104892 0.389558104344 0.524114375753
D:/_git/posenet/PoseNet_Dataset/ShopFacade/seq2/frame00037.png 256.779 -1.62105 207.539 0.92063 0.0713572 0.371865 -0.0343184 0.64383076379 0.886962577557