0 4929.49 4867.13
60 163.081 430.116
120 166.662 461.84
180 176.417 484.635
240 130.249 398.439
300 102.367 397.653
360 168.315 413.334
420 121.448 374.949
480 95.9031 379.285
540 88.9329 331.533
600 103.951 357.945
660 111.063 365.238
720 93.5319 350.849
780 110.68 385.762
840 84.1098 351.878
900 68.3431 340.202
960 86.2161 353.348
1020 70.0501 307.458
1080 76.6258 332.83
1140 88.0023 359.505
1200 72.2879 317.96
1260 78.1033 321.005
1320 76.1981 351.443
1380 76.0043 359.302
1440 56.6256 331.566
1500 76.2646 353.123
1560 81.7761 321.956
1620 63.5307 305.63
1680 66.8967 308.533
1740 85.8012 332.176
1800 69.9714 304.822
1860 71.6549 318.964
1920 53.0832 317.301
1980 78.4778 345.54
0 4929.49 4867.13
0 49.0939 326.475
60 62.9571 313.82
120 65.0029 314.93
180 57.1059 340.452
240 96.2846 292.053
300 69.9216 316.209
360 65.4913 314.981
420 61.4494 299.807
480 50.8033 321.626
540 53.744 284.025
600 63.4476 301.183
660 56.6411 299.541
720 59.2995 297.762
780 70.7146 320.808
840 61.5711 304.574
900 51.2736 305.24
960 65.7195 323.934
1020 65.1435 278.109
1080 57.2635 312.508
1140 69.128 335.103
1200 69.0417 307.691
1260 54.5862 289.549
1320 58.8133 306.193
1380 54.4221 295.029
1440 48.5261 297.688
1500 53.3957 337.087
1560 38.8832 288.905
1620 71.0601 292.649
1680 52.7673 307.584
1740 53.4199 319.809
1800 54.5135 302.087
1860 76.5225 298.44
1920 55.6331 293.121
1980 66.2574 303.801
