0 8715.08 9350.46
500 391.849 2546.44
1000 293.441 1590.86
1500 255.021 1359.95
2000 221.013 2053.29
2500 189.799 2165.01
3000 180.597 1449.14
3500 163.556 1366.39
4000 178.77 1835.69
4500 139.97 1348.07
5000 134.964 1694.8
5500 148.862 1340.57
6000 125.07 1898.66
6500 142.32 1244.96
7000 116.201 1853.36
7500 110.887 1609.85
8000 116.417 1212.91
8500 128.118 1294.66
9000 107.154 2059.97
9500 115.421 1397.71
10000 110.517 1808.35
10500 104.376 1692.06
11000 106.805 2130.43
11500 88.5413 1067.64
12000 96.5979 903.333
12500 92.3673 1329.47
13000 86.4212 1215.19
13500 79.1093 961.327
14000 89.7127 1041.42
14500 98.4209 1221.33
