0 10880.7 11474.9
500 548.455 2635.93
1000 379.902 1678.82
1500 326.555 1444.13
2000 249.464 2559.16
2500 242.145 2376.55
3000 217.264 1534.24
3500 181.125 1277.39
4000 167.935 1834.44
4500 195.652 1365.25
5000 206.638 1687.79
5500 167.544 1374.26
6000 182.326 1963.1
6500 158.25 1207.9
7000 162.563 1768.94
7500 147.217 1611.79
8000 143.101 1248.86
8500 149.114 1391.92
9000 176.594 2055.25
9500 156.925 1313.87
10000 130.443 1830.37
10500 125.723 1913.19
11000 116.044 2674.33
11500 121.807 1124.09
12000 112.619 986.123
12500 126.998 1494.34
13000 128.546 1160.71
13500 118.873 1055.37
14000 105.348 1045.93
14500 92.7632 1081.43
