0 7645.39 8079.92
60 1657.03 2962.67
120 1311.17 2053.16
180 653.448 1412.88
240 607.649 2012.33
300 453.893 2081.38
360 405.582 1386.87
420 362.533 1225.7
480 390.321 1534.39
540 351.75 1178.11
600 272.603 1457.0
660 338.378 1150.15
720 253.776 1643.27
780 257.263 1059.85
840 231.194 2030.79
900 272.853 1311.57
960 278.586 1193.86
1020 267.021 1179.07
1080 219.872 1338.93
1140 206.486 1350.45
1200 257.692 1520.82
1260 218.155 1315.28
1320 196.465 1484.42
1380 177.344 1289.31
1440 228.962 1172.7
1500 213.379 1292.06
1560 165.435 1060.87
1620 181.583 905.261
1680 157.026 969.905
1740 172.642 1126.96
1800 206.0 1535.01
1860 163.897 1474.27
1920 185.998 2072.55
1980 169.771 952.367
2040 153.545 936.708
2100 177.861 1421.68
2160 184.991 943.448
2220 152.739 1032.6
2280 169.222 991.104
2340 191.154 1563.58
2400 161.679 1739.36
2460 122.531 890.152
2520 158.484 1620.39
2580 175.897 1120.3
2640 195.907 1957.56
2700 171.887 1107.95
2760 159.08 1376.38
2820 164.625 1019.34
2880 134.021 780.721
2940 137.535 851.555
3000 172.127 979.146
3060 154.296 1070.4
3120 140.922 1344.05
3180 144.36 1804.3
3240 150.29 1262.85
3300 129.736 1024.44
3360 126.633 762.198
3420 159.09 828.059
3480 126.938 2150.72
3540 140.198 1127.04
3600 141.765 1229.07
3660 151.436 924.0
3720 135.609 1052.74
3780 145.092 1392.09
3840 137.83 1098.73
3900 140.559 1261.12
3960 145.832 1081.96
4020 130.478 1344.79
4080 139.235 915.908
4140 132.835 1476.13
4200 147.055 1498.92
4260 111.455 1049.55
4320 145.19 799.892
4380 127.081 1099.22
4440 126.465 1432.82
4500 164.297 958.968
4560 167.292 1078.46
4620 119.6 1041.08
4680 126.07 1954.76
4740 126.281 1468.58
4800 112.341 738.461
4860 112.908 1029.1
4920 122.132 758.502
4980 133.751 913.075
0 2178.43 2247.16
60 219.945 315.155
120 119.108 199.02
180 110.624 178.113
240 90.1106 572.108
300 59.8455 371.717
360 85.3916 238.136
420 57.4039 120.902
480 54.37 203.519
540 55.8683 133.236
600 40.0508 248.895
660 63.693 217.301
720 47.4662 211.595
780 57.6776 124.484
840 34.3272 568.719
900 62.2231 252.546
960 43.1254 198.642
1020 40.1707 127.03
1080 46.5426 237.078
1140 50.6656 104.252
1200 45.1472 128.739
1260 38.3533 147.748
1320 29.7324 287.575
1380 45.3919 257.575
1440 37.8346 205.805
1500 42.7151 128.086
1560 35.2541 126.97
1620 43.6973 143.459
1680 35.3022 98.9793
1740 54.5358 213.612
1800 28.7529 210.936
1860 33.7815 205.323
1920 34.5857 570.59
1980 33.7594 96.0238
2040 31.9666 98.5574
2100 29.0731 160.658
2160 29.5917 114.664
2220 47.9935 103.553
2280 32.5055 100.048
2340 26.3092 270.911
2400 32.9495 327.313
2460 28.2279 93.1675
2520 28.7684 344.112
2580 23.1524 171.373
2640 23.4148 573.836
2700 31.7422 99.4869
2760 38.6726 242.258
2820 29.9802 195.325
2880 34.2884 93.5146
2940 26.6298 163.415
3000 25.404 77.8933
3060 36.5016 105.649
3120 30.7427 232.496
3180 26.3403 127.844
3240 24.9344 219.977
3300 36.4994 117.105
3360 35.7538 91.9324
3420 21.6728 80.2267
3480 20.7638 562.935
3540 22.2096 90.854
3600 33.633 317.34
3660 24.0542 86.5358
3720 27.2428 203.307
3780 21.7053 87.9725
3840 26.9911 104.218
3900 20.0928 120.489
3960 32.4834 181.051
4020 20.9273 252.779
4080 17.4499 102.802
4140 44.5941 296.256
4200 25.1625 173.291
4260 25.2652 176.268
4320 22.5181 78.6802
4380 22.4766 100.018
4440 22.9007 210.512
4500 34.9939 111.17
4560 24.498 150.327
4620 26.1907 191.306
4680 23.1769 593.15
4740 29.4078 196.534
4800 27.273 71.1332
4860 28.6319 196.946
4920 24.3452 77.922
4980 35.7132 97.9731
0 6668.57 7153.64
60 1989.32 2793.49
120 1246.86 1936.69
180 1035.77 1786.04
240 706.335 1908.2
300 575.442 2137.82
360 511.672 1313.94
420 456.528 1261.54
480 395.597 1639.92
540 370.997 1318.59
600 390.618 1677.85
660 338.166 1126.56
720 286.428 1676.45
780 315.741 1137.55
840 300.647 1815.07
900 276.135 1418.78
960 259.286 1214.4
1020 227.017 1316.14
1080 250.695 1314.73
1140 260.844 1474.88
1200 231.276 1539.88
1260 278.254 1435.48
1320 225.449 1436.07
1380 230.177 1262.51
1440 216.042 1034.03
1500 208.627 1349.72
1560 211.113 1245.88
1620 237.445 967.249
1680 155.932 1121.54
1740 209.931 1122.67
1800 237.257 1394.29
1860 177.733 1499.1
1920 170.598 1859.5
1980 189.532 1067.23
2040 201.395 987.36
2100 165.157 1537.22
2160 188.605 1052.8
2220 192.176 1168.97
2280 167.189 1067.24
2340 171.781 1541.46
2400 192.275 1583.57
2460 189.108 1067.65
2520 197.783 1590.99
2580 182.599 1096.47
2640 153.76 1639.99
2700 154.125 1169.62
2760 168.26 1344.19
2820 159.015 992.65
2880 189.732 837.469
2940 158.48 880.629
3000 132.882 1021.52
3060 150.675 1210.46
3120 141.641 1133.56
3180 152.87 1899.11
3240 150.186 1222.75
3300 149.301 1014.58
3360 147.311 837.621
3420 167.714 886.206
3480 144.669 1911.93
3540 171.864 1256.84
3600 142.614 1043.69
3660 167.264 933.858
3720 151.662 1054.67
3780 138.951 1467.13
3840 141.446 940.683
3900 119.206 1340.84
3960 165.082 1130.98
4020 129.868 1258.6
4080 141.87 958.762
4140 144.906 1443.85
4200 115.091 1435.9
4260 129.842 960.933
4320 153.199 843.073
4380 134.619 1207.01
4440 115.059 1518.54
4500 140.058 1204.0
4560 115.935 980.837
4620 131.728 946.417
4680 198.106 1645.2
4740 133.477 1474.96
4800 126.4 841.468
4860 130.362 925.349
4920 119.974 813.339
4980 115.238 985.04
5040 120.676 885.46
5100 120.569 1262.83
5160 116.388 961.383
5220 112.861 1176.19
5280 136.378 1754.84
5340 125.136 798.044
5400 119.257 1113.87
5460 133.815 1224.84
5520 105.016 1095.01
5580 135.055 1092.57
5640 114.673 1533.7
5700 137.737 993.63
5760 134.918 1004.08
5820 121.542 1024.77
5880 116.094 752.613
5940 140.952 897.591
6000 112.08 1530.72
6060 125.59 1000.12
6120 113.888 1194.06
6180 103.98 1489.73
6240 99.8775 1267.83
6300 134.064 1508.97
6360 103.474 969.998
6420 115.98 1054.46
6480 118.97 1272.92
6540 98.1425 981.266
6600 112.278 1294.01
6660 108.683 921.99
6720 98.5234 880.377
6780 96.6048 1409.84
6840 118.872 963.446
6900 115.905 1571.41
6960 140.777 1123.99
7020 111.023 972.055
7080 102.16 798.066
7140 114.68 1747.65
7200 91.4718 905.234
7260 113.056 920.948
7320 116.585 1021.84
7380 106.896 887.663
7440 105.335 1201.01
7500 101.865 1490.2
7560 119.52 1102.42
7620 111.204 899.057
7680 85.5412 889.748
7740 111.981 745.602
7800 126.247 1154.58
7860 91.0628 1430.33
7920 106.303 878.633
7980 100.374 845.164
8040 105.342 1669.11
8100 89.1692 1081.83
8160 92.2447 925.704
8220 96.527 1096.32
8280 87.575 782.957
8340 91.7235 1412.64
8400 102.078 1745.64
8460 102.254 794.3
8520 88.1839 1414.56
8580 103.001 816.321
8640 78.7973 1464.73
8700 96.2711 1059.38
8760 105.577 783.334
8820 105.677 1003.52
8880 101.415 831.408
8940 81.285 868.199
9000 100.817 870.393
9060 91.5076 967.622
9120 127.154 1641.48
9180 100.386 987.828
9240 93.204 974.688
9300 93.3438 1120.76
9360 91.2275 1716.31
9420 96.0045 1091.85
9480 95.6151 1120.65
9540 107.152 786.876
9600 101.352 797.149
9660 121.826 888.474
9720 84.4571 1219.7
9780 95.9822 759.571
9840 89.311 1095.78
9900 84.9092 722.982
9960 92.0627 1506.29
10020 101.082 1110.5
10080 80.7177 897.472
10140 93.5151 930.259
10200 88.0989 1395.59
10260 81.0904 1065.4
10320 79.0502 875.549
10380 78.9909 970.734
10440 87.3681 1629.79
10500 86.6808 690.815
10560 69.1538 992.979
10620 88.0882 806.154
10680 81.2029 813.497
10740 89.2941 1480.19
10800 84.4877 1484.81
10860 86.3995 1229.14
10920 81.7825 984.359
10980 120.428 1009.29
11040 73.0249 979.897
11100 91.0855 910.698
11160 92.3807 903.336
11220 1498.16 932.435
11280 300.686 1485.65
11340 302.926 1531.11
11400 131.374 972.351
11460 149.151 1135.48
11520 94.8532 1091.53
11580 100.465 1163.88
11640 93.5327 953.294
11700 83.3071 939.895
11760 81.4143 1551.81
11820 109.247 720.361
11880 72.6748 904.174
11940 81.6323 702.665
12000 70.4725 1512.13
12060 88.3482 866.027
12120 75.0411 897.115
12180 71.4283 820.206
12240 76.014 1295.28
12300 73.3422 877.552
12360 80.5361 819.282
12420 71.2028 1139.26
12480 77.2905 1527.84
12540 71.5143 1247.0
12600 87.1931 950.816
12660 81.359 808.027
12720 79.5883 843.765
12780 78.7354 638.829
12840 68.9214 1479.39
12900 66.7815 979.685
12960 69.7532 751.487
13020 88.4956 933.954
13080 71.15 1079.75
13140 85.5994 907.562
13200 70.2087 1255.71
13260 64.8327 663.804
13320 72.6178 1703.45
13380 58.8275 751.784
13440 110.163 1057.89
13500 89.0562 1615.0
13560 75.8225 840.68
13620 70.5342 817.541
13680 70.5216 820.019
13740 72.5904 947.502
13800 76.1421 726.2
13860 85.6708 882.113
13920 71.9366 951.659
13980 71.8939 754.313
14040 94.5221 1504.02
14100 76.5298 696.643
14160 71.9329 974.273
14220 72.9343 682.77
14280 68.2006 690.317
14340 81.8446 866.1
14400 66.5602 1569.16
14460 71.043 874.402
14520 74.8118 703.942
14580 84.7868 1704.89
14640 81.4419 724.059
14700 77.9607 989.367
14760 75.8035 932.678
14820 88.4335 704.421
14880 80.2906 1144.1
14940 80.8848 826.373
15000 84.832 710.348
15060 73.6814 916.587
15120 64.9871 1500.28
15180 76.0532 731.221
15240 72.8479 861.193
15300 80.9123 898.009
15360 71.3244 968.585
15420 79.0974 1642.5
15480 72.6202 1653.93
15540 62.7363 642.767
15600 69.9406 1486.72
15660 67.8432 1147.99
15720 70.0065 971.098
15780 77.6557 777.384
15840 62.3898 800.065
15900 84.9914 1685.48
15960 64.3909 771.972
16020 61.3619 701.112
16080 90.5501 748.629
16140 85.4077 677.408
16200 66.8371 838.304
16260 75.1976 1682.39
16320 61.7919 1022.79
16380 64.4294 1204.61
16440 77.0254 1008.31
16500 70.2132 728.371
16560 68.6169 729.104
16620 80.1166 1011.19
16680 66.0855 990.615
16740 73.7988 1019.78
16800 75.0152 768.133
16860 59.6966 734.625
16920 69.0773 1496.26
16980 74.4584 580.685
17040 56.1917 1429.14
17100 60.2836 1049.12
17160 75.7464 1237.68
17220 69.7783 859.682
17280 68.3297 1397.68
17340 62.0041 687.241
17400 72.0327 925.234
17460 67.7016 1472.37
17520 60.9393 916.984
17580 61.7157 1150.17
17640 67.6419 726.5
17700 64.4625 786.946
17760 63.8756 773.479
17820 73.5282 1064.94
17880 57.9849 1523.22
17940 63.6572 1018.81
18000 62.0306 878.913
18060 73.65 1042.74
18120 64.2486 1575.51
18180 64.6715 1363.98
18240 67.8702 739.887
18300 66.8093 703.654
18360 59.8515 837.868
18420 66.0893 944.957
18480 68.2569 847.505
18540 63.1709 1168.9
18600 62.2745 741.619
18660 60.7864 1453.35
18720 65.7428 1043.24
18780 71.9544 1011.53
18840 68.2192 569.006
18900 71.7635 876.219
18960 58.9337 1595.31
19020 74.0184 796.877
19080 57.0554 672.301
19140 55.9621 906.318
19200 58.0339 1185.41
19260 62.2982 1028.63
19320 66.1403 1621.2
19380 62.6136 690.519
19440 71.7511 809.65
19500 55.2895 1255.7
19560 60.3462 1023.93
19620 58.2013 1889.0
19680 55.814 598.106
19740 64.5395 789.625
19800 64.9266 743.609
19860 56.3606 800.169
19920 60.1715 1093.02
19980 55.6642 766.2
