0 6185.32 6223.46
100 850.521 1372.81
200 366.97 1163.12
300 331.255 1241.14
400 235.1 797.956
500 245.624 902.902
600 189.19 927.152
700 234.986 1046.59
800 204.503 985.177
900 169.6 911.216
1000 195.535 939.187
1100 181.251 783.018
1200 132.063 1118.55
1300 155.22 683.728
1400 152.854 951.536
1500 112.238 841.426
1600 97.6953 905.887
1700 148.606 824.699
1800 99.4841 825.702
1900 133.486 889.215
2000 100.499 979.006
2100 103.609 879.622
2200 136.735 974.266
2300 130.761 757.003
2400 105.425 850.479
2500 95.0334 792.837
2600 95.5742 962.643
2700 114.889 921.718
2800 84.4305 764.285
2900 112.292 815.551
3000 80.0868 906.087
3100 106.834 953.981
3200 115.932 763.129
3300 94.3094 837.119
3400 104.596 1052.69
3500 94.9098 791.032
3600 113.708 832.515
3700 88.8275 851.313
3800 95.1613 558.959
3900 119.294 967.184
4000 99.372 741.463
4100 94.8095 856.229
4200 124.904 885.599
4300 123.36 668.878
4400 99.156 756.368
4500 110.962 787.576
4600 90.1222 700.026
4700 73.0877 712.195
4800 103.907 1022.12
4900 88.0009 747.716
