Visual Landmark Dataset V1
ImageFile, Camera Position [X Y Z W P Q R]

D:/_git/posenet/PoseNet_Dataset/EngineeringBuilding/2018-07-19/IMG_20180719_192253.jpg -66.651600 0.083642 138.623800 0.446218 -0.098685 -0.878108 0.141698
D:/_git/posenet/PoseNet_Dataset/EngineeringBuilding/2018-07-19/IMG_20180719_192259.jpg -69.420500 0.025685 138.114600 0.367006 -0.101280 -0.915627 0.129140
D:/_git/posenet/PoseNet_Dataset/EngineeringBuilding/2018-07-19/IMG_20180719_192255.jpg -67.456100 0.103594 138.748500 0.407416 -0.094300 -0.894317 0.159112
D:/_git/posenet/PoseNet_Dataset/EngineeringBuilding/2018-07-19/IMG_20180719_192256.jpg -68.080600 0.039047 138.602300 0.412793 -0.089151 -0.892724 0.157153
D:/_git/posenet/PoseNet_Dataset/EngineeringBuilding/2018-07-19/IMG_20180719_192257.jpg -68.456800 -0.012732 138.291300 0.385467 -0.091003 -0.905487 0.152403
D:/_git/posenet/PoseNet_Dataset/EngineeringBuilding/2018-07-19/IMG_20180719_192300.jpg -69.991390 0.005398 137.762400 0.347930 -0.094858 -0.923434 0.131213
D:/_git/posenet/PoseNet_Dataset/EngineeringBuilding/2018-07-19/IMG_20180719_192200.jpg -70.056900 -0.054164 141.272900 0.320996 -0.087725 -0.929059 0.161604
D:/_git/posenet/PoseNet_Dataset/EngineeringBuilding/2018-07-19/IMG_20180719_192157.jpg -72.812500 -0.134011 141.237700 0.348691 -0.087177 -0.919630 0.158414
D:/_git/posenet/PoseNet_Dataset/EngineeringBuilding/2018-07-19/IMG_20180719_192155.jpg -74.137890 -0.055468 141.537100 0.406430 -0.108737 -0.895955 0.142319
D:/_git/posenet/PoseNet_Dataset/EngineeringBuilding/2018-07-19/IMG_20180719_192202.jpg -68.472900 -0.060094 141.199300 0.302737 -0.093320 -0.938313 0.138604
D:/_git/posenet/PoseNet_Dataset/EngineeringBuilding/2018-07-19/IMG_20180719_192204.jpg -66.582400 -0.004544 141.504900 0.367786 -0.140668 -0.909492 0.133306
D:/_git/posenet/PoseNet_Dataset/EngineeringBuilding/2018-07-19/IMG_20180719_192301.jpg -70.592000 -0.015600 137.447000 0.330000 -0.060296 -0.933874 0.123874
D:/_git/posenet/PoseNet_Dataset/EngineeringBuilding/2018-07-19/IMG_20180719_192302.jpg -71.662200 0.061722 137.362300 0.307960 -0.059280 -0.942099 0.118730
D:/_git/posenet/PoseNet_Dataset/EngineeringBuilding/2018-07-19/IMG_20180719_192304.jpg -72.597600 0.196825 137.444000 0.294722 -0.053739 -0.947145 0.114747
D:/_git/posenet/PoseNet_Dataset/EngineeringBuilding/2018-07-19/IMG_20180719_192305.jpg -72.851500 0.064746 136.862200 0.282973 -0.058577 -0.949123 0.125141
D:/_git/posenet/PoseNet_Dataset/EngineeringBuilding/2018-07-19/IMG_20180719_192306.jpg -73.328490 0.079850 136.361300 0.280084 -0.038403 -0.951361 0.122435
D:/_git/posenet/PoseNet_Dataset/EngineeringBuilding/2018-07-19/IMG_20180719_192158.jpg -72.204900 0.124286 141.648600 0.284824 -0.095123 -0.940008 0.161903
D:/_git/posenet/PoseNet_Dataset/EngineeringBuilding/2018-07-19/IMG_20180719_192205.jpg -65.633900 -0.020176 141.575800 0.384457 -0.131285 -0.899590 0.160294
D:/_git/posenet/PoseNet_Dataset/EngineeringBuilding/2018-07-19/IMG_20180719_192252.jpg -65.975300 -0.012793 138.548000 0.472346 -0.111421 -0.860374 0.155662
D:/_git/posenet/PoseNet_Dataset/EngineeringBuilding/2018-07-19/IMG_20180719_192251.jpg -65.349400 0.095099 138.909600 0.485760 -0.141711 -0.848702 0.153822
D:/_git/posenet/PoseNet_Dataset/EngineeringBuilding/2018-07-19/IMG_20180719_192153.jpg -76.125790 0.060112 141.746100 0.464474 -0.114617 -0.863055 0.162058
D:/_git/posenet/PoseNet_Dataset/EngineeringBuilding/2018-07-19/IMG_20180719_192319.jpg -68.658800 0.016028 130.786300 0.360349 -0.101944 -0.916968 0.137575
D:/_git/posenet/PoseNet_Dataset/EngineeringBuilding/2018-07-19/IMG_20180719_192318.jpg -69.244690 -0.133260 130.664500 0.354603 -0.120050 -0.917535 0.134068
D:/_git/posenet/PoseNet_Dataset/EngineeringBuilding/2018-07-19/IMG_20180719_192317.jpg -70.350890 -0.072313 130.873500 0.343997 -0.106191 -0.923375 0.133296
D:/_git/posenet/PoseNet_Dataset/EngineeringBuilding/2018-07-19/IMG_20180719_192315.jpg -71.236400 -0.038834 130.965200 0.335030 -0.095006 -0.929599 0.120722
D:/_git/posenet/PoseNet_Dataset/EngineeringBuilding/2018-07-19/IMG_20180719_192321.jpg -67.448200 -0.034671 130.639900 0.404683 -0.093790 -0.899888 0.132803
D:/_git/posenet/PoseNet_Dataset/EngineeringBuilding/2018-07-19/IMG_20180719_192314.jpg -71.926500 -0.070758 131.275800 0.332849 -0.080485 -0.930751 0.128202
D:/_git/posenet/PoseNet_Dataset/EngineeringBuilding/2018-07-19/IMG_20180719_192310.jpg -72.587300 -0.045616 133.438400 0.254197 -0.081421 -0.957958 0.105220
D:/_git/posenet/PoseNet_Dataset/EngineeringBuilding/2018-07-19/IMG_20180719_192308.jpg -74.155200 0.478759 136.237000 0.192432 -0.056500 -0.976107 0.083626
D:/_git/posenet/PoseNet_Dataset/EngineeringBuilding/2018-07-19/IMG_20180719_192312.jpg -72.939100 0.146113 132.659700 0.243823 -0.090058 -0.956999 0.128817
D:/_git/posenet/PoseNet_Dataset/EngineeringBuilding/2018-07-19/IMG_20180719_192322.jpg -66.556700 0.048859 130.793500 0.428402 -0.127124 -0.882945 0.143942
D:/_git/posenet/PoseNet_Dataset/EngineeringBuilding/2018-07-19/IMG_20180719_192323.jpg -65.740200 0.153581 131.000900 0.484718 -0.137296 -0.854483 0.126717
D:/_git/posenet/PoseNet_Dataset/EngineeringBuilding/2018-07-19/IMG_20180719_192403.jpg -63.797900 -0.030211 124.264800 0.348158 -0.112128 -0.918759 0.148644
D:/_git/posenet/PoseNet_Dataset/EngineeringBuilding/2018-07-19/IMG_20180719_192410.jpg -68.113190 0.097973 123.271100 0.274460 -0.104214 -0.942271 0.161048
D:/_git/posenet/PoseNet_Dataset/EngineeringBuilding/2018-07-19/IMG_20180719_192409.jpg -67.544490 0.146851 123.464200 0.252467 -0.075285 -0.949603 0.169846
D:/_git/posenet/PoseNet_Dataset/EngineeringBuilding/2018-07-19/IMG_20180719_192411.jpg -68.827900 0.093009 123.227000 0.264287 -0.118291 -0.943208 0.162843
D:/_git/posenet/PoseNet_Dataset/EngineeringBuilding/2018-07-19/IMG_20180719_192413.jpg -70.942900 0.117183 123.112300 0.279894 -0.081596 -0.946986 0.134980
D:/_git/posenet/PoseNet_Dataset/EngineeringBuilding/2018-07-19/IMG_20180719_192415.jpg -72.089200 0.132717 123.176900 0.261079 -0.094410 -0.947972 0.155803
D:/_git/posenet/PoseNet_Dataset/EngineeringBuilding/2018-07-19/IMG_20180719_192417.jpg -72.522400 0.070000 122.692800 0.331504 -0.073217 -0.920948 0.191307
D:/_git/posenet/PoseNet_Dataset/EngineeringBuilding/2018-07-19/IMG_20180719_192407.jpg -66.771900 0.141561 123.665700 0.330608 -0.077081 -0.927491 0.156583
D:/_git/posenet/PoseNet_Dataset/EngineeringBuilding/2018-07-19/IMG_20180719_192406.jpg -65.254390 -0.161701 123.572000 0.327879 -0.082327 -0.917961 0.207522
D:/_git/posenet/PoseNet_Dataset/EngineeringBuilding/2018-07-19/IMG_20180719_192425.jpg -74.582200 -0.037664 121.424800 0.369393 -0.113121 -0.903963 0.183310
D:/_git/posenet/PoseNet_Dataset/EngineeringBuilding/2018-07-19/IMG_20180719_192427.jpg -74.427400 -0.066103 120.388700 0.386423 -0.105409 -0.897999 0.182112
D:/_git/posenet/PoseNet_Dataset/EngineeringBuilding/2018-07-19/IMG_20180719_192429.jpg -74.246990 -0.024487 119.711100 0.460391 -0.132696 -0.861550 0.167820
D:/_git/posenet/PoseNet_Dataset/EngineeringBuilding/2018-07-19/IMG_20180719_192430.jpg -73.620190 -0.151427 118.638900 0.484404 -0.125186 -0.852691 0.150329
D:/_git/posenet/PoseNet_Dataset/EngineeringBuilding/2018-07-19/IMG_20180719_192431.jpg -73.931990 0.041680 118.294000 0.535866 -0.151006 -0.818478 0.141912
D:/_git/posenet/PoseNet_Dataset/EngineeringBuilding/2018-07-19/IMG_20180719_192405.jpg -64.882290 0.061893 124.177500 0.348007 -0.129379 -0.908284 0.192802
D:/_git/posenet/PoseNet_Dataset/EngineeringBuilding/2018-07-19/IMG_20180719_192401.jpg -62.705200 -0.036329 124.762000 0.400347 -0.122514 -0.889922 0.180973
D:/_git/posenet/PoseNet_Dataset/EngineeringBuilding/2018-07-19/IMG_20180719_192151_1.jpg -77.660290 0.043406 141.909300 0.544075 -0.134417 -0.819311 0.121015
D:/_git/posenet/PoseNet_Dataset/EngineeringBuilding/2018-07-19/IMG_20180719_192151.jpg -77.777800 0.070000 141.747400 0.545827 -0.122337 -0.820144 0.120295
D:/_git/posenet/PoseNet_Dataset/EngineeringBuilding/2018-07-19/IMG_20180719_192207.jpg -64.775890 0.073593 141.781700 0.433334 -0.159545 -0.870268 0.171469
D:/_git/posenet/PoseNet_Dataset/EngineeringBuilding/2018-07-19/IMG_20180719_192148.jpg -80.218000 -0.084270 141.596800 0.593359 -0.136499 -0.783003 0.127278
D:/_git/posenet/PoseNet_Dataset/EngineeringBuilding/2018-07-19/IMG_20180719_192146.jpg -80.692400 -0.177054 141.076500 0.616702 -0.139578 -0.763288 0.132622
D:/_git/posenet/PoseNet_Dataset/EngineeringBuilding/2018-07-19/IMG_20180719_192150.jpg -78.837300 0.129287 141.467700 0.593789 -0.151468 -0.775263 0.153098
D:/_git/posenet/PoseNet_Dataset/EngineeringBuilding/2018-07-19/IMG_20180719_192248.jpg -63.746090 -0.017337 138.982700 0.514712 -0.168490 -0.821784 0.177072
D:/_git/posenet/PoseNet_Dataset/EngineeringBuilding/2018-07-19/IMG_20180719_192246.jpg -62.890790 -0.001842 139.019300 0.533020 -0.186109 -0.803051 0.190691
D:/_git/posenet/PoseNet_Dataset/EngineeringBuilding/2018-07-19/IMG_20180719_192324.jpg -64.235000 0.196605 130.629000 0.552951 -0.185500 -0.797323 0.155275
D:/_git/posenet/PoseNet_Dataset/EngineeringBuilding/2018-07-19/IMG_20180719_192327.jpg -62.819600 0.098151 130.844400 0.563163 -0.150054 -0.797257 0.157201
D:/_git/posenet/PoseNet_Dataset/EngineeringBuilding/2018-07-19/IMG_20180719_192328.jpg -61.797700 0.057680 130.793700 0.577069 -0.178295 -0.781713 0.155330
D:/_git/posenet/PoseNet_Dataset/EngineeringBuilding/2018-07-19/IMG_20180719_192245.jpg -61.989300 -0.150397 138.934500 0.561650 -0.212911 -0.777427 0.186614
D:/_git/posenet/PoseNet_Dataset/EngineeringBuilding/2018-07-19/IMG_20180719_192329.jpg -60.843490 -0.023951 130.754400 0.632396 -0.224415 -0.723962 0.159974
D:/_git/posenet/PoseNet_Dataset/EngineeringBuilding/2018-07-19/IMG_20180719_192208.jpg -63.514300 -0.002666 141.581600 0.513057 -0.180922 -0.816483 0.193378
D:/_git/posenet/PoseNet_Dataset/EngineeringBuilding/2018-07-19/IMG_20180719_192434.jpg -73.964690 0.314780 118.037200 0.682816 -0.169662 -0.699866 0.123148
D:/_git/posenet/PoseNet_Dataset/EngineeringBuilding/2018-07-19/IMG_20180719_192435.jpg -73.291790 0.382197 117.682700 0.699233 -0.174372 -0.685548 0.103403
D:/_git/posenet/PoseNet_Dataset/EngineeringBuilding/2018-07-19/IMG_20180719_192359.jpg -61.652500 0.125756 125.024800 0.562521 -0.188413 -0.787835 0.165490
D:/_git/posenet/PoseNet_Dataset/EngineeringBuilding/2018-07-19/IMG_20180719_192354.jpg -60.479490 -0.085577 124.796600 0.673921 -0.159451 -0.706872 0.144008
D:/_git/posenet/PoseNet_Dataset/EngineeringBuilding/2018-07-19/IMG_20180719_192210.jpg -62.411590 -0.188653 141.650600 0.569786 -0.200859 -0.776449 0.179240
D:/_git/posenet/PoseNet_Dataset/EngineeringBuilding/2018-07-19/IMG_20180719_192243.jpg -60.926100 -0.205930 139.196500 0.603893 -0.207209 -0.750742 0.169601
D:/_git/posenet/PoseNet_Dataset/EngineeringBuilding/2018-07-19/IMG_20180719_192351.jpg -59.170790 -0.166589 125.033200 0.701780 -0.210916 -0.665571 0.141544
D:/_git/posenet/PoseNet_Dataset/EngineeringBuilding/2018-07-19/IMG_20180719_192241.jpg -59.837100 -0.236677 139.541200 0.612742 -0.212795 -0.743698 0.161797
D:/_git/posenet/PoseNet_Dataset/EngineeringBuilding/2018-07-19/IMG_20180719_192211.jpg -61.547100 -0.191971 141.738700 0.612638 -0.217166 -0.740964 0.168782
D:/_git/posenet/PoseNet_Dataset/EngineeringBuilding/2018-07-19/IMG_20180719_192240.jpg -59.043000 -0.181293 139.989200 0.586018 -0.234961 -0.753231 0.184445
D:/_git/posenet/PoseNet_Dataset/EngineeringBuilding/2018-07-19/IMG_20180719_192436.jpg -72.444500 0.012515 117.529300 0.784830 -0.190696 -0.582905 0.088876
D:/_git/posenet/PoseNet_Dataset/EngineeringBuilding/2018-07-19/IMG_20180719_192249.jpg -64.537090 0.062410 138.773900 0.476936 -0.189750 -0.833736 0.203498
D:/_git/posenet/PoseNet_Dataset/EngineeringBuilding/2018-07-19/IMG_20180719_192238.jpg -58.121200 -0.191458 140.345700 0.628478 -0.234929 -0.717735 0.186228
D:/_git/posenet/PoseNet_Dataset/EngineeringBuilding/2018-07-19/IMG_20180719_192234.jpg -57.601090 -0.198817 140.389800 0.662879 -0.251815 -0.676936 0.197327
D:/_git/posenet/PoseNet_Dataset/EngineeringBuilding/2018-07-19/IMG_20180719_192231.jpg -57.991390 -0.225607 141.025500 0.672463 -0.245603 -0.667480 0.204801
D:/_git/posenet/PoseNet_Dataset/EngineeringBuilding/2018-07-19/IMG_20180719_192228.jpg -58.184890 -0.158846 141.594400 0.689463 -0.262373 -0.636270 0.225745
D:/_git/posenet/PoseNet_Dataset/EngineeringBuilding/2018-07-19/IMG_20180719_192212.jpg -60.415100 -0.126678 142.161800 0.669305 -0.269508 -0.667233 0.184922
D:/_git/posenet/PoseNet_Dataset/EngineeringBuilding/2018-07-19/IMG_20180719_192226.jpg -58.447190 -0.277863 142.250700 0.729634 -0.281989 -0.587189 0.208148
D:/_git/posenet/PoseNet_Dataset/EngineeringBuilding/2018-07-19/IMG_20180719_192215.jpg -59.567000 -0.230914 142.453600 0.735229 -0.278895 -0.595326 0.165054
D:/_git/posenet/PoseNet_Dataset/EngineeringBuilding/2018-07-19/IMG_20180719_192221.jpg -59.059690 -0.294761 142.403000 0.773636 -0.342003 -0.496355 0.195330
D:/_git/posenet/PoseNet_Dataset/EngineeringBuilding/2018-07-19/IMG_20180719_192223.jpg -59.095790 -0.262183 142.489000 0.797515 -0.367350 -0.444179 0.178127
D:/_git/posenet/PoseNet_Dataset/EngineeringBuilding/2018-07-19/IMG_20180719_192349_1.jpg -58.504300 0.001597 125.606800 0.777463 -0.199495 -0.591412 0.077361
D:/_git/posenet/PoseNet_Dataset/EngineeringBuilding/2018-07-19/IMG_20180719_192334.jpg -58.205800 0.075572 131.167500 0.803228 -0.256863 -0.522690 0.125064
D:/_git/posenet/PoseNet_Dataset/EngineeringBuilding/2018-07-19/IMG_20180719_192335.jpg -58.089490 -0.041060 131.218100 0.839513 -0.259063 -0.465047 0.108790
D:/_git/posenet/PoseNet_Dataset/EngineeringBuilding/2018-07-19/IMG_20180719_192340.jpg -58.094700 0.012029 130.639400 0.847238 -0.233694 -0.470931 0.076153
D:/_git/posenet/PoseNet_Dataset/EngineeringBuilding/2018-07-19/IMG_20180719_192343.jpg -58.343600 0.109888 129.171000 0.841428 -0.238848 -0.473352 0.104346
D:/_git/posenet/PoseNet_Dataset/EngineeringBuilding/2018-07-19/IMG_20180719_192341.jpg -58.183200 0.110412 130.077900 0.853720 -0.217504 -0.465788 0.083043
D:/_git/posenet/PoseNet_Dataset/EngineeringBuilding/2018-07-19/IMG_20180719_192345.jpg -58.528290 0.070643 127.778400 0.847089 -0.205074 -0.480291 0.098517
D:/_git/posenet/PoseNet_Dataset/EngineeringBuilding/2018-07-19/IMG_20180719_192347.jpg -58.683990 0.071055 126.679400 0.863026 -0.212193 -0.452183 0.075435
D:/_git/posenet/PoseNet_Dataset/EngineeringBuilding/2018-07-19/IMG_20180719_192349.jpg -58.622100 0.081019 126.112100 0.825520 -0.205963 -0.515356 0.102493
D:/_git/posenet/PoseNet_Dataset/EngineeringBuilding/2018-07-19/IMG_20180719_192438.jpg -71.374190 0.019039 117.325700 0.854113 -0.197792 -0.477657 0.056679
D:/_git/posenet/PoseNet_Dataset/EngineeringBuilding/2018-07-19/IMG_20180719_192439.jpg -70.248600 -0.075439 117.515800 0.882408 -0.177315 -0.433325 0.046318
D:/_git/posenet/PoseNet_Dataset/EngineeringBuilding/2018-07-19/IMG_20180719_192441.jpg -69.775500 0.061993 117.229800 0.916941 -0.164236 -0.362138 0.033193
D:/_git/posenet/PoseNet_Dataset/EngineeringBuilding/2018-07-19/IMG_20180719_192443.jpg -68.125790 0.097967 117.346300 0.921463 -0.166964 -0.349751 0.026527
D:/_git/posenet/PoseNet_Dataset/EngineeringBuilding/2018-07-19/IMG_20180719_192442.jpg -68.913800 0.051000 117.301900 0.927532 -0.177898 -0.326969 0.033598
D:/_git/posenet/PoseNet_Dataset/EngineeringBuilding/2018-07-19/IMG_20180719_192445.jpg -66.974900 0.075484 117.433900 0.923443 -0.170054 -0.342948 0.026849
D:/_git/posenet/PoseNet_Dataset/EngineeringBuilding/2018-07-19/IMG_20180719_192446.jpg -66.099200 0.185777 117.268400 0.927775 -0.184731 -0.322510 0.033089
D:/_git/posenet/PoseNet_Dataset/EngineeringBuilding/2018-07-19/IMG_20180719_192448.jpg -65.188000 0.307330 116.820500 0.936784 -0.192368 -0.291484 0.021644
D:/_git/posenet/PoseNet_Dataset/EngineeringBuilding/2018-07-19/IMG_20180719_192449.jpg -64.228500 0.256759 116.882400 0.939782 -0.190663 -0.282577 0.024642
D:/_git/posenet/PoseNet_Dataset/EngineeringBuilding/2018-07-19/IMG_20180719_192451.jpg -62.325700 0.001786 117.532300 0.949490 -0.207660 -0.235040 -0.010163
D:/_git/posenet/PoseNet_Dataset/EngineeringBuilding/2018-07-19/IMG_20180719_192453.jpg -60.698700 -0.005706 117.032000 0.950383 -0.171051 -0.259619 0.010569
D:/_git/posenet/PoseNet_Dataset/EngineeringBuilding/2018-07-19/IMG_20180719_192455.jpg -59.385890 0.047856 116.704300 0.948679 -0.204020 -0.241525 0.007019
D:/_git/posenet/PoseNet_Dataset/EngineeringBuilding/2018-07-19/IMG_20180719_192454.jpg -60.135100 0.038041 116.615400 0.960675 -0.179222 -0.211995 -0.006479
D:/_git/posenet/PoseNet_Dataset/EngineeringBuilding/2018-07-19/IMG_20180719_192543.jpg -70.901200 0.101291 106.685100 0.908264 -0.155304 -0.387638 0.025979
D:/_git/posenet/PoseNet_Dataset/EngineeringBuilding/2018-07-19/IMG_20180719_192545.jpg -71.670700 0.083314 106.421700 0.902739 -0.130255 -0.409996 -0.000201
D:/_git/posenet/PoseNet_Dataset/EngineeringBuilding/2018-07-19/IMG_20180719_192542.jpg -70.185990 0.014110 107.627900 0.900684 -0.166127 -0.400588 0.026460
D:/_git/posenet/PoseNet_Dataset/EngineeringBuilding/2018-07-19/IMG_20180719_192540.jpg -69.632000 0.249412 107.264500 0.880119 -0.166254 -0.443029 0.038412
D:/_git/posenet/PoseNet_Dataset/EngineeringBuilding/2018-07-19/IMG_20180719_192537.jpg -67.883700 0.029961 108.579200 0.909855 -0.163692 -0.379944 0.031797
D:/_git/posenet/PoseNet_Dataset/EngineeringBuilding/2018-07-19/IMG_20180719_192535.jpg -67.433000 0.082377 108.864900 0.910049 -0.163652 -0.380023 0.024727
D:/_git/posenet/PoseNet_Dataset/EngineeringBuilding/2018-07-19/IMG_20180719_192534.jpg -66.529890 0.021411 109.128300 0.897173 -0.156048 -0.412001 0.031392
D:/_git/posenet/PoseNet_Dataset/EngineeringBuilding/2018-07-19/IMG_20180719_192550.jpg -74.246990 0.117688 106.229900 0.908487 -0.130240 -0.397083 -0.003658
D:/_git/posenet/PoseNet_Dataset/EngineeringBuilding/2018-07-19/IMG_20180719_192549.jpg -74.026290 0.250487 106.043400 0.879932 -0.132187 -0.455440 0.028642
D:/_git/posenet/PoseNet_Dataset/EngineeringBuilding/2018-07-19/IMG_20180719_192547.jpg -72.775390 0.256567 106.205600 0.877003 -0.132467 -0.460041 0.041000
D:/_git/posenet/PoseNet_Dataset/EngineeringBuilding/2018-07-19/IMG_20180719_192557.jpg -75.276400 0.035643 104.458000 0.914378 -0.123346 -0.385377 0.013529
D:/_git/posenet/PoseNet_Dataset/EngineeringBuilding/2018-07-19/IMG_20180719_192556.jpg -75.778700 0.067494 104.631200 0.936915 -0.140834 -0.319780 0.009813
D:/_git/posenet/PoseNet_Dataset/EngineeringBuilding/2018-07-19/IMG_20180719_192559.jpg -75.139500 -0.031400 103.513100 0.920726 -0.111630 -0.373864 0.005366
D:/_git/posenet/PoseNet_Dataset/EngineeringBuilding/2018-07-19/IMG_20180719_192605.jpg -75.079500 0.205605 100.252400 0.911120 -0.128039 -0.391741 0.002374
D:/_git/posenet/PoseNet_Dataset/EngineeringBuilding/2018-07-19/IMG_20180719_192603.jpg -75.723190 0.172323 101.029400 0.891073 -0.153190 -0.426807 0.018906
D:/_git/posenet/PoseNet_Dataset/EngineeringBuilding/2018-07-19/IMG_20180719_192601.jpg -75.764190 0.197615 101.783000 0.902067 -0.128922 -0.411336 0.021357
D:/_git/posenet/PoseNet_Dataset/EngineeringBuilding/2018-07-19/IMG_20180719_192529.jpg -64.304400 0.026839 109.615200 0.925711 -0.182280 -0.330774 0.020543
D:/_git/posenet/PoseNet_Dataset/EngineeringBuilding/2018-07-19/IMG_20180719_192531.jpg -65.268890 0.021964 109.382800 0.926045 -0.158102 -0.341880 0.023729
D:/_git/posenet/PoseNet_Dataset/EngineeringBuilding/2018-07-19/IMG_20180719_192606.jpg -73.832790 0.070000 100.464000 0.934722 -0.136574 -0.327299 -0.022772
D:/_git/posenet/PoseNet_Dataset/EngineeringBuilding/2018-07-19/IMG_20180719_192528.jpg -63.497600 0.052891 109.956800 0.905358 -0.195905 -0.376731 0.004791
D:/_git/posenet/PoseNet_Dataset/EngineeringBuilding/2018-07-19/IMG_20180719_192526.jpg -62.479290 0.046597 110.478500 0.918024 -0.166853 -0.359699 -0.002794
D:/_git/posenet/PoseNet_Dataset/EngineeringBuilding/2018-07-19/IMG_20180719_192610.jpg -71.221500 0.231719 100.507500 0.897353 -0.161744 -0.410317 0.015360
D:/_git/posenet/PoseNet_Dataset/EngineeringBuilding/2018-07-19/IMG_20180719_192538.jpg -68.166790 0.076440 108.034700 0.910262 -0.165661 -0.378760 0.022794
D:/_git/posenet/PoseNet_Dataset/EngineeringBuilding/2018-07-19/IMG_20180719_192608.jpg -72.609190 0.308795 100.033800 0.890017 -0.135789 -0.435233 -0.001671
D:/_git/posenet/PoseNet_Dataset/EngineeringBuilding/2018-07-19/IMG_20180719_192524.jpg -61.732590 0.143809 110.706900 0.905845 -0.183167 -0.380695 0.031097
D:/_git/posenet/PoseNet_Dataset/EngineeringBuilding/2018-07-19/IMG_20180719_192521.jpg -60.493000 0.046735 110.990100 0.884502 -0.168215 -0.428686 0.074754
D:/_git/posenet/PoseNet_Dataset/EngineeringBuilding/2018-07-19/IMG_20180719_192612.jpg -70.096100 0.158205 100.317300 0.949637 -0.146404 -0.277044 -0.001737
D:/_git/posenet/PoseNet_Dataset/EngineeringBuilding/2018-07-19/IMG_20180719_192613.jpg -68.786000 0.050476 100.699100 0.942787 -0.165688 -0.288806 -0.017091
D:/_git/posenet/PoseNet_Dataset/EngineeringBuilding/2018-07-19/IMG_20180719_192519.jpg -59.868500 0.124548 110.905900 0.860551 -0.168994 -0.475165 0.071495
D:/_git/posenet/PoseNet_Dataset/EngineeringBuilding/2018-07-19/IMG_20180719_192617.jpg -66.215000 0.109182 100.772300 0.938655 -0.146904 -0.311977 -0.003938
D:/_git/posenet/PoseNet_Dataset/EngineeringBuilding/2018-07-19/IMG_20180719_192620.jpg -64.698500 0.077781 100.803100 0.960212 -0.142286 -0.240210 0.006852
D:/_git/posenet/PoseNet_Dataset/EngineeringBuilding/2018-07-19/IMG_20180719_192622.jpg -63.648190 0.142375 100.863200 0.955347 -0.160156 -0.246395 0.030839
D:/_git/posenet/PoseNet_Dataset/EngineeringBuilding/2018-07-19/IMG_20180719_192624.jpg -63.055890 0.088360 100.889200 0.955667 -0.161607 -0.242991 0.039224
D:/_git/posenet/PoseNet_Dataset/EngineeringBuilding/2018-07-19/IMG_20180719_192625.jpg -62.068300 0.025779 101.053600 0.948867 -0.193033 -0.247427 0.034215
D:/_git/posenet/PoseNet_Dataset/EngineeringBuilding/2018-07-19/IMG_20180719_192627.jpg -61.175490 0.095576 100.958700 0.946063 -0.182146 -0.264896 0.040226
D:/_git/posenet/PoseNet_Dataset/EngineeringBuilding/2018-07-19/IMG_20180719_192629.jpg -60.051190 0.091099 100.908300 0.939059 -0.211999 -0.265702 0.051257
D:/_git/posenet/PoseNet_Dataset/EngineeringBuilding/2018-07-19/IMG_20180719_192630.jpg -59.151790 0.101496 100.893200 0.944376 -0.168676 -0.280742 0.029787
D:/_git/posenet/PoseNet_Dataset/EngineeringBuilding/2018-07-19/IMG_20180719_192736.jpg -71.357500 0.045692 90.835900 0.918357 -0.136584 -0.367330 0.055086
D:/_git/posenet/PoseNet_Dataset/EngineeringBuilding/2018-07-19/IMG_20180719_192731.jpg -70.767400 0.080016 91.099600 0.927537 -0.124259 -0.350943 0.032778
D:/_git/posenet/PoseNet_Dataset/EngineeringBuilding/2018-07-19/IMG_20180719_192740.jpg -72.765900 0.050244 90.307900 0.928003 -0.131141 -0.347059 0.034090
D:/_git/posenet/PoseNet_Dataset/EngineeringBuilding/2018-07-19/IMG_20180719_192739.jpg -72.116000 0.030897 90.618100 0.931357 -0.127464 -0.340574 0.018331
D:/_git/posenet/PoseNet_Dataset/EngineeringBuilding/2018-07-19/IMG_20180719_192744.jpg -74.242600 0.033214 89.722300 0.906652 -0.130696 -0.396555 0.060370
D:/_git/posenet/PoseNet_Dataset/EngineeringBuilding/2018-07-19/IMG_20180719_192742.jpg -73.657000 -0.003562 89.939600 0.918041 -0.117365 -0.377536 0.029884
D:/_git/posenet/PoseNet_Dataset/EngineeringBuilding/2018-07-19/IMG_20180719_192748.jpg -75.223500 0.104885 89.385800 0.894298 -0.114315 -0.429336 0.053232
D:/_git/posenet/PoseNet_Dataset/EngineeringBuilding/2018-07-19/IMG_20180719_192749.jpg -76.090500 0.173047 88.887000 0.896750 -0.107802 -0.427725 0.035635
D:/_git/posenet/PoseNet_Dataset/EngineeringBuilding/2018-07-19/IMG_20180719_192752.jpg -76.761000 0.126079 88.701190 0.897927 -0.118661 -0.423671 0.012212
D:/_git/posenet/PoseNet_Dataset/EngineeringBuilding/2018-07-19/IMG_20180719_192758.jpg -78.390500 0.115866 87.634190 0.904305 -0.107593 -0.412778 0.016451
D:/_git/posenet/PoseNet_Dataset/EngineeringBuilding/2018-07-19/IMG_20180719_192805.jpg -79.687900 0.009297 85.402700 0.923398 -0.106095 -0.368856 -0.005080
D:/_git/posenet/PoseNet_Dataset/EngineeringBuilding/2018-07-19/IMG_20180719_192801.jpg -78.531800 0.058268 87.120600 0.930793 -0.087758 -0.354755 0.008522
D:/_git/posenet/PoseNet_Dataset/EngineeringBuilding/2018-07-19/IMG_20180719_192802.jpg -79.474500 0.096007 86.241290 0.898629 -0.162809 -0.404480 0.048534
D:/_git/posenet/PoseNet_Dataset/EngineeringBuilding/2018-07-19/IMG_20180719_192755.jpg -78.109800 0.275057 87.459890 0.894211 -0.106569 -0.434769 0.002400
D:/_git/posenet/PoseNet_Dataset/EngineeringBuilding/2018-07-19/IMG_20180719_192728.jpg -69.057400 0.061935 91.360300 0.932480 -0.135642 -0.334067 0.021940
D:/_git/posenet/PoseNet_Dataset/EngineeringBuilding/2018-07-19/IMG_20180719_192724.jpg -67.465190 0.084899 91.805900 0.922627 -0.105715 -0.367557 0.049865
D:/_git/posenet/PoseNet_Dataset/EngineeringBuilding/2018-07-19/IMG_20180719_192722.jpg -66.592500 0.099830 91.913700 0.933670 -0.120556 -0.334726 0.041049
D:/_git/posenet/PoseNet_Dataset/EngineeringBuilding/2018-07-19/IMG_20180719_192720_1.jpg -65.698700 0.017852 92.067190 0.934380 -0.133465 -0.327953 0.039590
D:/_git/posenet/PoseNet_Dataset/EngineeringBuilding/2018-07-19/IMG_20180719_192720.jpg -65.507400 0.014198 92.070700 0.934136 -0.141890 -0.323028 0.053953
D:/_git/posenet/PoseNet_Dataset/EngineeringBuilding/2018-07-19/IMG_20180719_192730.jpg -69.965190 0.036277 91.281390 0.918226 -0.152449 -0.361741 0.052569
D:/_git/posenet/PoseNet_Dataset/EngineeringBuilding/2018-07-19/IMG_20180719_192806.jpg -79.235990 -0.002139 85.506690 0.916435 -0.097644 -0.387426 0.022677
D:/_git/posenet/PoseNet_Dataset/EngineeringBuilding/2018-07-19/IMG_20180719_192711.jpg -60.334200 -0.013145 92.782300 0.939520 -0.163979 -0.298157 0.038927
D:/_git/posenet/PoseNet_Dataset/EngineeringBuilding/2018-07-19/IMG_20180719_192710.jpg -59.517900 -0.006698 93.054600 0.942828 -0.157567 -0.290794 0.041076
D:/_git/posenet/PoseNet_Dataset/EngineeringBuilding/2018-07-19/IMG_20180719_192705.jpg -58.248790 0.025663 94.503200 0.947967 -0.165948 -0.270571 0.024716
D:/_git/posenet/PoseNet_Dataset/EngineeringBuilding/2018-07-19/IMG_20180719_192707.jpg -58.368790 0.025452 93.833000 0.951695 -0.176961 -0.249212 0.029245
D:/_git/posenet/PoseNet_Dataset/EngineeringBuilding/2018-07-19/IMG_20180719_192654.jpg -57.736800 0.102465 96.184200 0.934282 -0.198375 -0.290975 0.055663
D:/_git/posenet/PoseNet_Dataset/EngineeringBuilding/2018-07-19/IMG_20180719_192648.jpg -57.520800 0.107344 96.689090 0.941835 -0.185355 -0.279287 0.024278
D:/_git/posenet/PoseNet_Dataset/EngineeringBuilding/2018-07-19/IMG_20180719_192644.jpg -57.298900 0.129784 97.290000 0.935266 -0.201019 -0.291293 0.004280
D:/_git/posenet/PoseNet_Dataset/EngineeringBuilding/2018-07-19/IMG_20180719_192708.jpg -58.754390 -0.002695 93.677700 0.941824 -0.190224 -0.276771 0.013433
D:/_git/posenet/PoseNet_Dataset/EngineeringBuilding/2018-07-19/IMG_20180719_192640.jpg -57.034300 0.104800 98.953800 0.947762 -0.178933 -0.262711 -0.026697
D:/_git/posenet/PoseNet_Dataset/EngineeringBuilding/2018-07-19/IMG_20180719_192633.jpg -57.077590 0.104191 101.050600 0.961322 -0.133423 -0.238048 0.037309
D:/_git/posenet/PoseNet_Dataset/EngineeringBuilding/2018-07-19/IMG_20180719_192715.jpg -63.003300 -0.004730 92.420600 0.934941 -0.139233 -0.319607 0.065964
D:/_git/posenet/PoseNet_Dataset/EngineeringBuilding/2018-07-19/IMG_20180719_192635.jpg -56.539990 0.115360 100.865300 0.941524 -0.140353 -0.305945 0.015195
D:/_git/posenet/PoseNet_Dataset/EngineeringBuilding/2018-07-19/IMG_20180719_192638.jpg -57.020000 0.077117 100.106600 0.923901 -0.138822 -0.355934 -0.021117
D:/_git/posenet/PoseNet_Dataset/EngineeringBuilding/2018-07-19/IMG_20180719_192642.jpg -57.388990 0.009729 97.670600 0.931852 -0.176736 -0.316483 -0.015974
D:/_git/posenet/PoseNet_Dataset/EngineeringBuilding/2018-07-19/IMG_20180719_192512.jpg -56.295000 0.005029 112.743900 0.947174 -0.188218 -0.259615 0.006014
D:/_git/posenet/PoseNet_Dataset/EngineeringBuilding/2018-07-19/IMG_20180719_192510.jpg -56.327800 -0.023813 113.543300 0.934284 -0.216990 -0.282821 -0.006336
D:/_git/posenet/PoseNet_Dataset/EngineeringBuilding/2018-07-19/IMG_20180719_192508.jpg -56.210800 0.052637 114.411100 0.930188 -0.203323 -0.305626 -0.001930
D:/_git/posenet/PoseNet_Dataset/EngineeringBuilding/2018-07-19/IMG_20180719_192515.jpg -57.341490 0.072255 111.807300 0.903902 -0.184202 -0.378789 0.074495
D:/_git/posenet/PoseNet_Dataset/EngineeringBuilding/2018-07-19/IMG_20180719_192500.jpg -56.196000 -0.036099 116.835600 0.940396 -0.229077 -0.250895 0.015196
D:/_git/posenet/PoseNet_Dataset/EngineeringBuilding/2018-07-19/IMG_20180719_192506.jpg -56.170790 0.011931 116.182400 0.937982 -0.232113 -0.255590 0.031416
D:/_git/posenet/PoseNet_Dataset/EngineeringBuilding/2018-07-19/IMG_20180719_192507.jpg -55.998000 -0.085722 115.579100 0.941508 -0.231310 -0.244568 0.015658
D:/_git/posenet/PoseNet_Dataset/EngineeringBuilding/2018-07-19/IMG_20180719_192458.jpg -57.275190 -0.019554 116.869800 0.919840 -0.223811 -0.317002 0.057561
D:/_git/posenet/PoseNet_Dataset/EngineeringBuilding/2018-07-19/IMG_20180719_192513.jpg -56.266300 0.049569 112.412700 0.940785 -0.153657 -0.301490 0.020430
D:/_git/posenet/PoseNet_Dataset/EngineeringBuilding/2018-07-19/IMG_20180719_192615.jpg -67.652300 0.190129 100.898600 0.928233 -0.157962 -0.336084 0.021898
D:/_git/posenet/PoseNet_Dataset/EngineeringBuilding/2018-07-19/IMG_20180719_192719.jpg -64.764690 0.061081 92.500690 0.915460 -0.169406 -0.356426 0.078707
D:/_git/posenet/PoseNet_Dataset/EngineeringBuilding/2018-07-19/IMG_20180719_192553.jpg -75.224900 0.134553 105.338800 0.913649 -0.117370 -0.388734 0.018849
D:/_git/posenet/PoseNet_Dataset/EngineeringBuilding/2018-07-19/IMG_20180719_192632.jpg -58.199600 0.049033 100.898200 0.948822 -0.168816 -0.266460 0.015407
D:/_git/posenet/PoseNet_Dataset/EngineeringBuilding/2018-07-19/IMG_20180719_192517.jpg -58.688800 -0.013701 111.327700 0.864851 -0.149640 -0.476326 0.052489
D:/_git/posenet/PoseNet_Dataset/EngineeringBuilding/2018-07-19/IMG_20180719_192332.jpg -58.774400 0.050982 131.046100 0.755673 -0.251842 -0.590247 0.130930
D:/_git/posenet/PoseNet_Dataset/EngineeringBuilding/2018-07-19/IMG_20180719_192717.jpg -63.746400 0.141910 92.055000 0.924212 -0.129956 -0.356498 0.043050
D:/_git/posenet/PoseNet_Dataset/EngineeringBuilding/2018-07-19/IMG_20180719_192726.jpg -68.112790 0.126979 91.620290 0.926687 -0.132165 -0.349261 0.042436
D:/_git/posenet/PoseNet_Dataset/EngineeringBuilding/2018-07-19/IMG_20180719_192419.jpg -74.035100 0.182701 122.372400 0.326398 -0.078118 -0.932321 0.134683
D:/_git/posenet/PoseNet_Dataset/EngineeringBuilding/2018-07-19/IMG_20180719_192713.jpg -61.290700 0.126777 92.639500 0.924871 -0.157650 -0.341315 0.057127
D:/_git/posenet/PoseNet_Dataset/EngineeringBuilding/2018-07-19/IMG_20180719_192803.jpg -79.700900 -0.511538 86.013300 0.928306 -0.159602 -0.335819 -0.000962
D:/_git/posenet/PoseNet_Dataset/EngineeringBuilding/2018-07-19/IMG_20180719_192457.jpg -57.095790 -0.628226 117.951500 0.940917 -0.193673 -0.275264 0.037365
D:/_git/posenet/PoseNet_Dataset/EngineeringBuilding/2018-07-19/IMG_20180719_192331.jpg -59.811690 -0.346429 131.114700 0.681791 -0.241515 -0.668700 0.172254